2020/04/07-09:29:52.067408 7f2bf48c2700 RocksDB version: 6.2.2
2020/04/07-09:29:52.068005 7f2bf48c2700 Git sha rocksdb_build_git_sha:
2020/04/07-09:29:52.068011 7f2bf48c2700 Compile date Aug  3 2019
2020/04/07-09:29:52.068013 7f2bf48c2700 DB SUMMARY
2020/04/07-09:29:52.068833 7f2bf48c2700 SST files in /storagemount/data/filipscrawl3/data_url/dir_robots dir, Total Num: 0, files: 
2020/04/07-09:29:52.068852 7f2bf48c2700 Write Ahead Log file in /storagemount/data/filipscrawl3/data_url/dir_robots: 
2020/04/07-09:29:52.068855 7f2bf48c2700                         Options.error_if_exists: 0
2020/04/07-09:29:52.068856 7f2bf48c2700                       Options.create_if_missing: 1
2020/04/07-09:29:52.068857 7f2bf48c2700                         Options.paranoid_checks: 1
2020/04/07-09:29:52.068858 7f2bf48c2700                                     Options.env: 0x7f2bc3dfb3e0
2020/04/07-09:29:52.068859 7f2bf48c2700                                Options.info_log: 0x7f2be012b370
2020/04/07-09:29:52.068860 7f2bf48c2700                Options.max_file_opening_threads: 16
2020/04/07-09:29:52.068861 7f2bf48c2700                              Options.statistics: (nil)
2020/04/07-09:29:52.068862 7f2bf48c2700                               Options.use_fsync: 0
2020/04/07-09:29:52.068863 7f2bf48c2700                       Options.max_log_file_size: 0
2020/04/07-09:29:52.068864 7f2bf48c2700                  Options.max_manifest_file_size: 1073741824
2020/04/07-09:29:52.068865 7f2bf48c2700                   Options.log_file_time_to_roll: 0
2020/04/07-09:29:52.068866 7f2bf48c2700                       Options.keep_log_file_num: 1000
2020/04/07-09:29:52.068867 7f2bf48c2700                    Options.recycle_log_file_num: 0
2020/04/07-09:29:52.068868 7f2bf48c2700                         Options.allow_fallocate: 1
2020/04/07-09:29:52.068869 7f2bf48c2700                        Options.allow_mmap_reads: 0
2020/04/07-09:29:52.068870 7f2bf48c2700                       Options.allow_mmap_writes: 0
2020/04/07-09:29:52.068870 7f2bf48c2700                        Options.use_direct_reads: 0
2020/04/07-09:29:52.068871 7f2bf48c2700                        Options.use_direct_io_for_flush_and_compaction: 0
2020/04/07-09:29:52.068872 7f2bf48c2700          Options.create_missing_column_families: 0
2020/04/07-09:29:52.068873 7f2bf48c2700                              Options.db_log_dir: 
2020/04/07-09:29:52.068874 7f2bf48c2700                                 Options.wal_dir: /storagemount/data/filipscrawl3/data_url/dir_robots
2020/04/07-09:29:52.068875 7f2bf48c2700                Options.table_cache_numshardbits: 6
2020/04/07-09:29:52.068876 7f2bf48c2700                      Options.max_subcompactions: 1
2020/04/07-09:29:52.068877 7f2bf48c2700                  Options.max_background_flushes: -1
2020/04/07-09:29:52.068878 7f2bf48c2700                         Options.WAL_ttl_seconds: 0
2020/04/07-09:29:52.068879 7f2bf48c2700                       Options.WAL_size_limit_MB: 0
2020/04/07-09:29:52.068880 7f2bf48c2700             Options.manifest_preallocation_size: 4194304
2020/04/07-09:29:52.068881 7f2bf48c2700                     Options.is_fd_close_on_exec: 1
2020/04/07-09:29:52.068882 7f2bf48c2700                   Options.advise_random_on_open: 1
2020/04/07-09:29:52.068883 7f2bf48c2700                    Options.db_write_buffer_size: 0
2020/04/07-09:29:52.068884 7f2bf48c2700                    Options.write_buffer_manager: 0x7f2be0133ed0
2020/04/07-09:29:52.068885 7f2bf48c2700         Options.access_hint_on_compaction_start: 1
2020/04/07-09:29:52.068886 7f2bf48c2700  Options.new_table_reader_for_compaction_inputs: 0
2020/04/07-09:29:52.068886 7f2bf48c2700           Options.random_access_max_buffer_size: 1048576
2020/04/07-09:29:52.068887 7f2bf48c2700                      Options.use_adaptive_mutex: 0
2020/04/07-09:29:52.068888 7f2bf48c2700                            Options.rate_limiter: (nil)
2020/04/07-09:29:52.068890 7f2bf48c2700     Options.sst_file_manager.rate_bytes_per_sec: 0
2020/04/07-09:29:52.068890 7f2bf48c2700                       Options.wal_recovery_mode: 2
2020/04/07-09:29:52.068891 7f2bf48c2700                  Options.enable_thread_tracking: 0
2020/04/07-09:29:52.069813 7f2bf48c2700                  Options.enable_pipelined_write: 0
2020/04/07-09:29:52.069818 7f2bf48c2700         Options.allow_concurrent_memtable_write: 1
2020/04/07-09:29:52.069819 7f2bf48c2700      Options.enable_write_thread_adaptive_yield: 1
2020/04/07-09:29:52.069820 7f2bf48c2700             Options.write_thread_max_yield_usec: 100
2020/04/07-09:29:52.069821 7f2bf48c2700            Options.write_thread_slow_yield_usec: 3
2020/04/07-09:29:52.069822 7f2bf48c2700                               Options.row_cache: None
2020/04/07-09:29:52.069823 7f2bf48c2700                              Options.wal_filter: None
2020/04/07-09:29:52.069824 7f2bf48c2700             Options.avoid_flush_during_recovery: 0
2020/04/07-09:29:52.069825 7f2bf48c2700             Options.allow_ingest_behind: 0
2020/04/07-09:29:52.069826 7f2bf48c2700             Options.preserve_deletes: 0
2020/04/07-09:29:52.069827 7f2bf48c2700             Options.two_write_queues: 0
2020/04/07-09:29:52.069828 7f2bf48c2700             Options.manual_wal_flush: 0
2020/04/07-09:29:52.069829 7f2bf48c2700             Options.atomic_flush: 0
2020/04/07-09:29:52.069830 7f2bf48c2700             Options.avoid_unnecessary_blocking_io: 0
2020/04/07-09:29:52.069831 7f2bf48c2700             Options.max_background_jobs: 2
2020/04/07-09:29:52.069832 7f2bf48c2700             Options.max_background_compactions: -1
2020/04/07-09:29:52.069913 7f2bf48c2700             Options.avoid_flush_during_shutdown: 0
2020/04/07-09:29:52.069915 7f2bf48c2700           Options.writable_file_max_buffer_size: 1048576
2020/04/07-09:29:52.069916 7f2bf48c2700             Options.delayed_write_rate : 16777216
2020/04/07-09:29:52.069917 7f2bf48c2700             Options.max_total_wal_size: 0
2020/04/07-09:29:52.069918 7f2bf48c2700             Options.delete_obsolete_files_period_micros: 21600000000
2020/04/07-09:29:52.069919 7f2bf48c2700                   Options.stats_dump_period_sec: 600
2020/04/07-09:29:52.069919 7f2bf48c2700                 Options.stats_persist_period_sec: 600
2020/04/07-09:29:52.069936 7f2bf48c2700                 Options.stats_history_buffer_size: 1048576
2020/04/07-09:29:52.069937 7f2bf48c2700                          Options.max_open_files: -1
2020/04/07-09:29:52.069938 7f2bf48c2700                          Options.bytes_per_sync: 0
2020/04/07-09:29:52.069938 7f2bf48c2700                      Options.wal_bytes_per_sync: 0
2020/04/07-09:29:52.069939 7f2bf48c2700                   Options.strict_bytes_per_sync: 0
2020/04/07-09:29:52.069940 7f2bf48c2700       Options.compaction_readahead_size: 0
2020/04/07-09:29:52.069941 7f2bf48c2700 Compression algorithms supported:
2020/04/07-09:29:52.069942 7f2bf48c2700 	kZSTDNotFinalCompression supported: 1
2020/04/07-09:29:52.069943 7f2bf48c2700 	kZSTD supported: 1
2020/04/07-09:29:52.069944 7f2bf48c2700 	kXpressCompression supported: 0
2020/04/07-09:29:52.069945 7f2bf48c2700 	kLZ4HCCompression supported: 1
2020/04/07-09:29:52.069946 7f2bf48c2700 	kLZ4Compression supported: 1
2020/04/07-09:29:52.069947 7f2bf48c2700 	kBZip2Compression supported: 1
2020/04/07-09:29:52.069948 7f2bf48c2700 	kZlibCompression supported: 1
2020/04/07-09:29:52.069949 7f2bf48c2700 	kSnappyCompression supported: 1
2020/04/07-09:29:52.069952 7f2bf48c2700 Fast CRC32 supported: Not supported on x86
2020/04/07-09:29:52.073441 7f2bf48c2700 [/db_impl_open.cc:242] Creating manifest 1 
2020/04/07-09:29:52.101753 7f2bf48c2700 [/version_set.cc:4053] Recovering from manifest file: /storagemount/data/filipscrawl3/data_url/dir_robots/MANIFEST-000001
2020/04/07-09:29:52.103900 7f2bf48c2700 [/column_family.cc:482] --------------- Options for column family [default]:
2020/04/07-09:29:52.103910 7f2bf48c2700               Options.comparator: leveldb.BytewiseComparator
2020/04/07-09:29:52.103911 7f2bf48c2700           Options.merge_operator: None
2020/04/07-09:29:52.103912 7f2bf48c2700        Options.compaction_filter: None
2020/04/07-09:29:52.103913 7f2bf48c2700        Options.compaction_filter_factory: None
2020/04/07-09:29:52.103915 7f2bf48c2700         Options.memtable_factory: SkipListFactory
2020/04/07-09:29:52.104909 7f2bf48c2700            Options.table_factory: BlockBasedTable
2020/04/07-09:29:52.104975 7f2bf48c2700            table_factory options:   flush_block_policy_factory: FlushBlockBySizePolicyFactory (0x7f2be0132ac0)
  cache_index_and_filter_blocks: 0
  cache_index_and_filter_blocks_with_high_priority: 0
  pin_l0_filter_and_index_blocks_in_cache: 0
  pin_top_level_index_and_filter: 1
  index_type: 0
  data_block_index_type: 0
  index_shortening: 1
  data_block_hash_table_util_ratio: 0.750000
  hash_index_allow_collision: 1
  checksum: 1
  no_block_cache: 0
  block_cache: 0x7f2be0132b00
  block_cache_name: LRUCache
  block_cache_options:
    capacity : 8388608
    num_shard_bits : 4
    strict_capacity_limit : 0
    memory_allocator : None
    high_pri_pool_ratio: 0.000
  block_cache_compressed: (nil)
  persistent_cache: (nil)
  block_size: 4096
  block_size_deviation: 10
  block_restart_interval: 16
  index_block_restart_interval: 1
  metadata_block_size: 4096
  partition_filters: 0
  use_delta_encoding: 1
  filter_policy: nullptr
  whole_key_filtering: 1
  verify_compression: 0
  read_amp_bytes_per_bit: 0
  format_version: 2
  enable_index_compression: 1
  block_align: 0
2020/04/07-09:29:52.104977 7f2bf48c2700        Options.write_buffer_size: 67108864
2020/04/07-09:29:52.104978 7f2bf48c2700  Options.max_write_buffer_number: 2
2020/04/07-09:29:52.104979 7f2bf48c2700          Options.compression: Snappy
2020/04/07-09:29:52.104980 7f2bf48c2700                  Options.bottommost_compression: Disabled
2020/04/07-09:29:52.104981 7f2bf48c2700       Options.prefix_extractor: nullptr
2020/04/07-09:29:52.104982 7f2bf48c2700   Options.memtable_insert_with_hint_prefix_extractor: nullptr
2020/04/07-09:29:52.104983 7f2bf48c2700             Options.num_levels: 7
2020/04/07-09:29:52.104984 7f2bf48c2700        Options.min_write_buffer_number_to_merge: 1
2020/04/07-09:29:52.104985 7f2bf48c2700     Options.max_write_buffer_number_to_maintain: 0
2020/04/07-09:29:52.104985 7f2bf48c2700            Options.bottommost_compression_opts.window_bits: -14
2020/04/07-09:29:52.104986 7f2bf48c2700                  Options.bottommost_compression_opts.level: 32767
2020/04/07-09:29:52.104987 7f2bf48c2700               Options.bottommost_compression_opts.strategy: 0
2020/04/07-09:29:52.104988 7f2bf48c2700         Options.bottommost_compression_opts.max_dict_bytes: 0
2020/04/07-09:29:52.104989 7f2bf48c2700         Options.bottommost_compression_opts.zstd_max_train_bytes: 0
2020/04/07-09:29:52.104990 7f2bf48c2700                  Options.bottommost_compression_opts.enabled: false
2020/04/07-09:29:52.104991 7f2bf48c2700            Options.compression_opts.window_bits: -14
2020/04/07-09:29:52.104992 7f2bf48c2700                  Options.compression_opts.level: 32767
2020/04/07-09:29:52.104992 7f2bf48c2700               Options.compression_opts.strategy: 0
2020/04/07-09:29:52.104993 7f2bf48c2700         Options.compression_opts.max_dict_bytes: 0
2020/04/07-09:29:52.104994 7f2bf48c2700         Options.compression_opts.zstd_max_train_bytes: 0
2020/04/07-09:29:52.104995 7f2bf48c2700                  Options.compression_opts.enabled: false
2020/04/07-09:29:52.104996 7f2bf48c2700      Options.level0_file_num_compaction_trigger: 4
2020/04/07-09:29:52.104996 7f2bf48c2700          Options.level0_slowdown_writes_trigger: 20
2020/04/07-09:29:52.104997 7f2bf48c2700              Options.level0_stop_writes_trigger: 36
2020/04/07-09:29:52.104998 7f2bf48c2700                   Options.target_file_size_base: 67108864
2020/04/07-09:29:52.104999 7f2bf48c2700             Options.target_file_size_multiplier: 1
2020/04/07-09:29:52.105000 7f2bf48c2700                Options.max_bytes_for_level_base: 268435456
2020/04/07-09:29:52.105000 7f2bf48c2700                      Options.snap_refresh_nanos: 500000000
2020/04/07-09:29:52.105001 7f2bf48c2700 Options.level_compaction_dynamic_level_bytes: 0
2020/04/07-09:29:52.105002 7f2bf48c2700          Options.max_bytes_for_level_multiplier: 10.000000
2020/04/07-09:29:52.105438 7f2bf48c2700 Options.max_bytes_for_level_multiplier_addtl[0]: 1
2020/04/07-09:29:52.105444 7f2bf48c2700 Options.max_bytes_for_level_multiplier_addtl[1]: 1
2020/04/07-09:29:52.105445 7f2bf48c2700 Options.max_bytes_for_level_multiplier_addtl[2]: 1
2020/04/07-09:29:52.105446 7f2bf48c2700 Options.max_bytes_for_level_multiplier_addtl[3]: 1
2020/04/07-09:29:52.105447 7f2bf48c2700 Options.max_bytes_for_level_multiplier_addtl[4]: 1
2020/04/07-09:29:52.105448 7f2bf48c2700 Options.max_bytes_for_level_multiplier_addtl[5]: 1
2020/04/07-09:29:52.105449 7f2bf48c2700 Options.max_bytes_for_level_multiplier_addtl[6]: 1
2020/04/07-09:29:52.105450 7f2bf48c2700       Options.max_sequential_skip_in_iterations: 8
2020/04/07-09:29:52.105451 7f2bf48c2700                    Options.max_compaction_bytes: 1677721600
2020/04/07-09:29:52.105453 7f2bf48c2700                        Options.arena_block_size: 8388608
2020/04/07-09:29:52.105454 7f2bf48c2700   Options.soft_pending_compaction_bytes_limit: 68719476736
2020/04/07-09:29:52.105455 7f2bf48c2700   Options.hard_pending_compaction_bytes_limit: 274877906944
2020/04/07-09:29:52.105456 7f2bf48c2700       Options.rate_limit_delay_max_milliseconds: 100
2020/04/07-09:29:52.105457 7f2bf48c2700                Options.disable_auto_compactions: 0
2020/04/07-09:29:52.105458 7f2bf48c2700                        Options.compaction_style: kCompactionStyleLevel
2020/04/07-09:29:52.105460 7f2bf48c2700                          Options.compaction_pri: kMinOverlappingRatio
2020/04/07-09:29:52.105461 7f2bf48c2700 Options.compaction_options_universal.size_ratio: 1
2020/04/07-09:29:52.105462 7f2bf48c2700 Options.compaction_options_universal.min_merge_width: 2
2020/04/07-09:29:52.105463 7f2bf48c2700 Options.compaction_options_universal.max_merge_width: 4294967295
2020/04/07-09:29:52.105464 7f2bf48c2700 Options.compaction_options_universal.max_size_amplification_percent: 200
2020/04/07-09:29:52.105465 7f2bf48c2700 Options.compaction_options_universal.compression_size_percent: -1
2020/04/07-09:29:52.105466 7f2bf48c2700 Options.compaction_options_universal.stop_style: kCompactionStopStyleTotalSize
2020/04/07-09:29:52.105467 7f2bf48c2700 Options.compaction_options_fifo.max_table_files_size: 1073741824
2020/04/07-09:29:52.105468 7f2bf48c2700 Options.compaction_options_fifo.allow_compaction: 0
2020/04/07-09:29:52.105469 7f2bf48c2700                   Options.table_properties_collectors: 
2020/04/07-09:29:52.105470 7f2bf48c2700                   Options.inplace_update_support: 0
2020/04/07-09:29:52.105470 7f2bf48c2700                 Options.inplace_update_num_locks: 10000
2020/04/07-09:29:52.105471 7f2bf48c2700               Options.memtable_prefix_bloom_size_ratio: 0.000000
2020/04/07-09:29:52.105473 7f2bf48c2700               Options.memtable_whole_key_filtering: 0
2020/04/07-09:29:52.105474 7f2bf48c2700   Options.memtable_huge_page_size: 0
2020/04/07-09:29:52.105475 7f2bf48c2700                           Options.bloom_locality: 0
2020/04/07-09:29:52.105476 7f2bf48c2700                    Options.max_successive_merges: 0
2020/04/07-09:29:52.105477 7f2bf48c2700                Options.optimize_filters_for_hits: 0
2020/04/07-09:29:52.105478 7f2bf48c2700                Options.paranoid_file_checks: 0
2020/04/07-09:29:52.105479 7f2bf48c2700                Options.force_consistency_checks: 0
2020/04/07-09:29:52.105480 7f2bf48c2700                Options.report_bg_io_stats: 0
2020/04/07-09:29:52.105481 7f2bf48c2700                               Options.ttl: 0
2020/04/07-09:29:52.105482 7f2bf48c2700          Options.periodic_compaction_seconds: 0
2020/04/07-09:29:52.106753 7f2bf48c2700 [/version_set.cc:4267] Recovered from manifest file:/storagemount/data/filipscrawl3/data_url/dir_robots/MANIFEST-000001 succeeded,manifest_file_number is 1, next_file_number is 3, last_sequence is 0, log_number is 0,prev_log_number is 0,max_column_family is 0,min_log_number_to_keep is 0
2020/04/07-09:29:52.106759 7f2bf48c2700 [/version_set.cc:4276] Column family [default] (ID 0), log number is 0
2020/04/07-09:29:52.148925 7f2bf48c2700 DB pointer 0x7f2be0129f10
2020/04/07-09:29:52.149778 7f2bb953e700 [/db_impl.cc:779] ------- DUMPING STATS -------
2020/04/07-09:29:52.149819 7f2bb953e700 [/db_impl.cc:780] 
** DB Stats **
Uptime(secs): 0.0 total, 0.0 interval
Cumulative writes: 0 writes, 0 keys, 0 commit groups, 0.0 writes per commit group, ingest: 0.00 GB, 0.00 MB/s
Cumulative WAL: 0 writes, 0 syncs, 0.00 writes per sync, written: 0.00 GB, 0.00 MB/s
Cumulative stall: 00:00:0.000 H:M:S, 0.0 percent
Interval writes: 0 writes, 0 keys, 0 commit groups, 0.0 writes per commit group, ingest: 0.00 MB, 0.00 MB/s
Interval WAL: 0 writes, 0 syncs, 0.00 writes per sync, written: 0.00 MB, 0.00 MB/s
Interval stall: 00:00:0.000 H:M:S, 0.0 percent

** Compaction Stats [default] **
Level    Files   Size     Score Read(GB)  Rn(GB) Rnp1(GB) Write(GB) Wnew(GB) Moved(GB) W-Amp Rd(MB/s) Wr(MB/s) Comp(sec) CompMergeCPU(sec) Comp(cnt) Avg(sec) KeyIn KeyDrop
----------------------------------------------------------------------------------------------------------------------------------------------------------------------------
 Sum      0/0    0.00 KB   0.0      0.0     0.0      0.0       0.0      0.0       0.0   0.0      0.0      0.0      0.00              0.00         0    0.000       0      0
 Int      0/0    0.00 KB   0.0      0.0     0.0      0.0       0.0      0.0       0.0   0.0      0.0      0.0      0.00              0.00         0    0.000       0      0

** Compaction Stats [default] **
Priority    Files   Size     Score Read(GB)  Rn(GB) Rnp1(GB) Write(GB) Wnew(GB) Moved(GB) W-Amp Rd(MB/s) Wr(MB/s) Comp(sec) CompMergeCPU(sec) Comp(cnt) Avg(sec) KeyIn KeyDrop
-------------------------------------------------------------------------------------------------------------------------------------------------------------------------------
Uptime(secs): 0.0 total, 0.0 interval
Flush(GB): cumulative 0.000, interval 0.000
AddFile(GB): cumulative 0.000, interval 0.000
AddFile(Total Files): cumulative 0, interval 0
AddFile(L0 Files): cumulative 0, interval 0
AddFile(Keys): cumulative 0, interval 0
Cumulative compaction: 0.00 GB write, 0.00 MB/s write, 0.00 GB read, 0.00 MB/s read, 0.0 seconds
Interval compaction: 0.00 GB write, 0.00 MB/s write, 0.00 GB read, 0.00 MB/s read, 0.0 seconds
Stalls(count): 0 level0_slowdown, 0 level0_slowdown_with_compaction, 0 level0_numfiles, 0 level0_numfiles_with_compaction, 0 stop for pending_compaction_bytes, 0 slowdown for pending_compaction_bytes, 0 memtable_compaction, 0 memtable_slowdown, interval 0 total count

** File Read Latency Histogram By Level [default] **

** Compaction Stats [default] **
Level    Files   Size     Score Read(GB)  Rn(GB) Rnp1(GB) Write(GB) Wnew(GB) Moved(GB) W-Amp Rd(MB/s) Wr(MB/s) Comp(sec) CompMergeCPU(sec) Comp(cnt) Avg(sec) KeyIn KeyDrop
----------------------------------------------------------------------------------------------------------------------------------------------------------------------------
 Sum      0/0    0.00 KB   0.0      0.0     0.0      0.0       0.0      0.0       0.0   0.0      0.0      0.0      0.00              0.00         0    0.000       0      0
 Int      0/0    0.00 KB   0.0      0.0     0.0      0.0       0.0      0.0       0.0   0.0      0.0      0.0      0.00              0.00         0    0.000       0      0

** Compaction Stats [default] **
Priority    Files   Size     Score Read(GB)  Rn(GB) Rnp1(GB) Write(GB) Wnew(GB) Moved(GB) W-Amp Rd(MB/s) Wr(MB/s) Comp(sec) CompMergeCPU(sec) Comp(cnt) Avg(sec) KeyIn KeyDrop
-------------------------------------------------------------------------------------------------------------------------------------------------------------------------------
Uptime(secs): 0.0 total, 0.0 interval
Flush(GB): cumulative 0.000, interval 0.000
AddFile(GB): cumulative 0.000, interval 0.000
AddFile(Total Files): cumulative 0, interval 0
AddFile(L0 Files): cumulative 0, interval 0
AddFile(Keys): cumulative 0, interval 0
Cumulative compaction: 0.00 GB write, 0.00 MB/s write, 0.00 GB read, 0.00 MB/s read, 0.0 seconds
Interval compaction: 0.00 GB write, 0.00 MB/s write, 0.00 GB read, 0.00 MB/s read, 0.0 seconds
Stalls(count): 0 level0_slowdown, 0 level0_slowdown_with_compaction, 0 level0_numfiles, 0 level0_numfiles_with_compaction, 0 stop for pending_compaction_bytes, 0 slowdown for pending_compaction_bytes, 0 memtable_compaction, 0 memtable_slowdown, interval 0 total count

** File Read Latency Histogram By Level [default] **
2020/04/07-09:30:01.467230 7f2bf41bb700 [/db_impl.cc:392] Shutdown: canceling all background work
2020/04/07-09:30:01.475453 7f2bf41bb700 [/db_impl.cc:565] Shutdown complete
