2020/04/07-09:29:52.565376 7f2bf48c2700 RocksDB version: 6.2.2
2020/04/07-09:29:52.565946 7f2bf48c2700 Git sha rocksdb_build_git_sha:
2020/04/07-09:29:52.566008 7f2bf48c2700 Compile date Aug  3 2019
2020/04/07-09:29:52.566013 7f2bf48c2700 DB SUMMARY
2020/04/07-09:29:52.572729 7f2bf48c2700 SST files in /storagemount/data/filipscrawl3/data_backlinks/hub_id dir, Total Num: 0, files: 
2020/04/07-09:29:52.572740 7f2bf48c2700 Write Ahead Log file in /storagemount/data/filipscrawl3/data_backlinks/hub_id: 
2020/04/07-09:29:52.572743 7f2bf48c2700                         Options.error_if_exists: 0
2020/04/07-09:29:52.572744 7f2bf48c2700                       Options.create_if_missing: 1
2020/04/07-09:29:52.572745 7f2bf48c2700                         Options.paranoid_checks: 1
2020/04/07-09:29:52.572746 7f2bf48c2700                                     Options.env: 0x7f2bc3dfb3e0
2020/04/07-09:29:52.572747 7f2bf48c2700                                Options.info_log: 0x7f2be00e9830
2020/04/07-09:29:52.572748 7f2bf48c2700                Options.max_file_opening_threads: 16
2020/04/07-09:29:52.572749 7f2bf48c2700                              Options.statistics: (nil)
2020/04/07-09:29:52.572751 7f2bf48c2700                               Options.use_fsync: 0
2020/04/07-09:29:52.572751 7f2bf48c2700                       Options.max_log_file_size: 0
2020/04/07-09:29:52.572752 7f2bf48c2700                  Options.max_manifest_file_size: 1073741824
2020/04/07-09:29:52.572753 7f2bf48c2700                   Options.log_file_time_to_roll: 0
2020/04/07-09:29:52.572754 7f2bf48c2700                       Options.keep_log_file_num: 1000
2020/04/07-09:29:52.572755 7f2bf48c2700                    Options.recycle_log_file_num: 0
2020/04/07-09:29:52.572756 7f2bf48c2700                         Options.allow_fallocate: 1
2020/04/07-09:29:52.572757 7f2bf48c2700                        Options.allow_mmap_reads: 0
2020/04/07-09:29:52.572758 7f2bf48c2700                       Options.allow_mmap_writes: 0
2020/04/07-09:29:52.572759 7f2bf48c2700                        Options.use_direct_reads: 0
2020/04/07-09:29:52.572760 7f2bf48c2700                        Options.use_direct_io_for_flush_and_compaction: 0
2020/04/07-09:29:52.572760 7f2bf48c2700          Options.create_missing_column_families: 0
2020/04/07-09:29:52.572761 7f2bf48c2700                              Options.db_log_dir: 
2020/04/07-09:29:52.572762 7f2bf48c2700                                 Options.wal_dir: /storagemount/data/filipscrawl3/data_backlinks/hub_id
2020/04/07-09:29:52.572763 7f2bf48c2700                Options.table_cache_numshardbits: 6
2020/04/07-09:29:52.572764 7f2bf48c2700                      Options.max_subcompactions: 1
2020/04/07-09:29:52.572765 7f2bf48c2700                  Options.max_background_flushes: -1
2020/04/07-09:29:52.572766 7f2bf48c2700                         Options.WAL_ttl_seconds: 0
2020/04/07-09:29:52.572767 7f2bf48c2700                       Options.WAL_size_limit_MB: 0
2020/04/07-09:29:52.572767 7f2bf48c2700             Options.manifest_preallocation_size: 4194304
2020/04/07-09:29:52.572768 7f2bf48c2700                     Options.is_fd_close_on_exec: 1
2020/04/07-09:29:52.572769 7f2bf48c2700                   Options.advise_random_on_open: 1
2020/04/07-09:29:52.572770 7f2bf48c2700                    Options.db_write_buffer_size: 0
2020/04/07-09:29:52.572771 7f2bf48c2700                    Options.write_buffer_manager: 0x7f2be01e8f50
2020/04/07-09:29:52.572772 7f2bf48c2700         Options.access_hint_on_compaction_start: 1
2020/04/07-09:29:52.572773 7f2bf48c2700  Options.new_table_reader_for_compaction_inputs: 0
2020/04/07-09:29:52.572774 7f2bf48c2700           Options.random_access_max_buffer_size: 1048576
2020/04/07-09:29:52.572775 7f2bf48c2700                      Options.use_adaptive_mutex: 0
2020/04/07-09:29:52.572775 7f2bf48c2700                            Options.rate_limiter: (nil)
2020/04/07-09:29:52.572777 7f2bf48c2700     Options.sst_file_manager.rate_bytes_per_sec: 0
2020/04/07-09:29:52.572778 7f2bf48c2700                       Options.wal_recovery_mode: 2
2020/04/07-09:29:52.572778 7f2bf48c2700                  Options.enable_thread_tracking: 0
2020/04/07-09:29:52.573946 7f2bf48c2700                  Options.enable_pipelined_write: 0
2020/04/07-09:29:52.573953 7f2bf48c2700         Options.allow_concurrent_memtable_write: 1
2020/04/07-09:29:52.573955 7f2bf48c2700      Options.enable_write_thread_adaptive_yield: 1
2020/04/07-09:29:52.573956 7f2bf48c2700             Options.write_thread_max_yield_usec: 100
2020/04/07-09:29:52.573957 7f2bf48c2700            Options.write_thread_slow_yield_usec: 3
2020/04/07-09:29:52.573958 7f2bf48c2700                               Options.row_cache: None
2020/04/07-09:29:52.573959 7f2bf48c2700                              Options.wal_filter: None
2020/04/07-09:29:52.573960 7f2bf48c2700             Options.avoid_flush_during_recovery: 0
2020/04/07-09:29:52.573962 7f2bf48c2700             Options.allow_ingest_behind: 0
2020/04/07-09:29:52.573963 7f2bf48c2700             Options.preserve_deletes: 0
2020/04/07-09:29:52.573964 7f2bf48c2700             Options.two_write_queues: 0
2020/04/07-09:29:52.573965 7f2bf48c2700             Options.manual_wal_flush: 0
2020/04/07-09:29:52.573966 7f2bf48c2700             Options.atomic_flush: 0
2020/04/07-09:29:52.573967 7f2bf48c2700             Options.avoid_unnecessary_blocking_io: 0
2020/04/07-09:29:52.573968 7f2bf48c2700             Options.max_background_jobs: 2
2020/04/07-09:29:52.573969 7f2bf48c2700             Options.max_background_compactions: -1
2020/04/07-09:29:52.573970 7f2bf48c2700             Options.avoid_flush_during_shutdown: 0
2020/04/07-09:29:52.573971 7f2bf48c2700           Options.writable_file_max_buffer_size: 1048576
2020/04/07-09:29:52.573972 7f2bf48c2700             Options.delayed_write_rate : 16777216
2020/04/07-09:29:52.573974 7f2bf48c2700             Options.max_total_wal_size: 0
2020/04/07-09:29:52.573975 7f2bf48c2700             Options.delete_obsolete_files_period_micros: 21600000000
2020/04/07-09:29:52.573976 7f2bf48c2700                   Options.stats_dump_period_sec: 600
2020/04/07-09:29:52.573977 7f2bf48c2700                 Options.stats_persist_period_sec: 600
2020/04/07-09:29:52.573978 7f2bf48c2700                 Options.stats_history_buffer_size: 1048576
2020/04/07-09:29:52.573979 7f2bf48c2700                          Options.max_open_files: -1
2020/04/07-09:29:52.573980 7f2bf48c2700                          Options.bytes_per_sync: 0
2020/04/07-09:29:52.573981 7f2bf48c2700                      Options.wal_bytes_per_sync: 0
2020/04/07-09:29:52.573982 7f2bf48c2700                   Options.strict_bytes_per_sync: 0
2020/04/07-09:29:52.573983 7f2bf48c2700       Options.compaction_readahead_size: 0
2020/04/07-09:29:52.573984 7f2bf48c2700 Compression algorithms supported:
2020/04/07-09:29:52.573985 7f2bf48c2700 	kZSTDNotFinalCompression supported: 1
2020/04/07-09:29:52.573987 7f2bf48c2700 	kZSTD supported: 1
2020/04/07-09:29:52.573988 7f2bf48c2700 	kXpressCompression supported: 0
2020/04/07-09:29:52.573989 7f2bf48c2700 	kLZ4HCCompression supported: 1
2020/04/07-09:29:52.573991 7f2bf48c2700 	kLZ4Compression supported: 1
2020/04/07-09:29:52.573992 7f2bf48c2700 	kBZip2Compression supported: 1
2020/04/07-09:29:52.573993 7f2bf48c2700 	kZlibCompression supported: 1
2020/04/07-09:29:52.573994 7f2bf48c2700 	kSnappyCompression supported: 1
2020/04/07-09:29:52.573999 7f2bf48c2700 Fast CRC32 supported: Not supported on x86
2020/04/07-09:29:52.577674 7f2bf48c2700 [/db_impl_open.cc:242] Creating manifest 1 
2020/04/07-09:29:52.607573 7f2bf48c2700 [/version_set.cc:4053] Recovering from manifest file: /storagemount/data/filipscrawl3/data_backlinks/hub_id/MANIFEST-000001
2020/04/07-09:29:52.609499 7f2bf48c2700 [/column_family.cc:482] --------------- Options for column family [default]:
2020/04/07-09:29:52.609510 7f2bf48c2700               Options.comparator: leveldb.BytewiseComparator
2020/04/07-09:29:52.609511 7f2bf48c2700           Options.merge_operator: None
2020/04/07-09:29:52.609512 7f2bf48c2700        Options.compaction_filter: None
2020/04/07-09:29:52.609513 7f2bf48c2700        Options.compaction_filter_factory: None
2020/04/07-09:29:52.609514 7f2bf48c2700         Options.memtable_factory: SkipListFactory
2020/04/07-09:29:52.610277 7f2bf48c2700            Options.table_factory: BlockBasedTable
2020/04/07-09:29:52.610351 7f2bf48c2700            table_factory options:   flush_block_policy_factory: FlushBlockBySizePolicyFactory (0x7f2be01ea070)
  cache_index_and_filter_blocks: 0
  cache_index_and_filter_blocks_with_high_priority: 0
  pin_l0_filter_and_index_blocks_in_cache: 0
  pin_top_level_index_and_filter: 1
  index_type: 0
  data_block_index_type: 0
  index_shortening: 1
  data_block_hash_table_util_ratio: 0.750000
  hash_index_allow_collision: 1
  checksum: 1
  no_block_cache: 0
  block_cache: 0x7f2be00f1110
  block_cache_name: LRUCache
  block_cache_options:
    capacity : 8388608
    num_shard_bits : 4
    strict_capacity_limit : 0
    memory_allocator : None
    high_pri_pool_ratio: 0.000
  block_cache_compressed: (nil)
  persistent_cache: (nil)
  block_size: 4096
  block_size_deviation: 10
  block_restart_interval: 16
  index_block_restart_interval: 1
  metadata_block_size: 4096
  partition_filters: 0
  use_delta_encoding: 1
  filter_policy: nullptr
  whole_key_filtering: 1
  verify_compression: 0
  read_amp_bytes_per_bit: 0
  format_version: 2
  enable_index_compression: 1
  block_align: 0
2020/04/07-09:29:52.610358 7f2bf48c2700        Options.write_buffer_size: 67108864
2020/04/07-09:29:52.610361 7f2bf48c2700  Options.max_write_buffer_number: 2
2020/04/07-09:29:52.610363 7f2bf48c2700          Options.compression: Snappy
2020/04/07-09:29:52.610364 7f2bf48c2700                  Options.bottommost_compression: Disabled
2020/04/07-09:29:52.610365 7f2bf48c2700       Options.prefix_extractor: nullptr
2020/04/07-09:29:52.610366 7f2bf48c2700   Options.memtable_insert_with_hint_prefix_extractor: nullptr
2020/04/07-09:29:52.610367 7f2bf48c2700             Options.num_levels: 7
2020/04/07-09:29:52.610377 7f2bf48c2700        Options.min_write_buffer_number_to_merge: 1
2020/04/07-09:29:52.610378 7f2bf48c2700     Options.max_write_buffer_number_to_maintain: 0
2020/04/07-09:29:52.610379 7f2bf48c2700            Options.bottommost_compression_opts.window_bits: -14
2020/04/07-09:29:52.610380 7f2bf48c2700                  Options.bottommost_compression_opts.level: 32767
2020/04/07-09:29:52.610381 7f2bf48c2700               Options.bottommost_compression_opts.strategy: 0
2020/04/07-09:29:52.610382 7f2bf48c2700         Options.bottommost_compression_opts.max_dict_bytes: 0
2020/04/07-09:29:52.610383 7f2bf48c2700         Options.bottommost_compression_opts.zstd_max_train_bytes: 0
2020/04/07-09:29:52.610384 7f2bf48c2700                  Options.bottommost_compression_opts.enabled: false
2020/04/07-09:29:52.610385 7f2bf48c2700            Options.compression_opts.window_bits: -14
2020/04/07-09:29:52.610385 7f2bf48c2700                  Options.compression_opts.level: 32767
2020/04/07-09:29:52.610386 7f2bf48c2700               Options.compression_opts.strategy: 0
2020/04/07-09:29:52.610403 7f2bf48c2700         Options.compression_opts.max_dict_bytes: 0
2020/04/07-09:29:52.610403 7f2bf48c2700         Options.compression_opts.zstd_max_train_bytes: 0
2020/04/07-09:29:52.610404 7f2bf48c2700                  Options.compression_opts.enabled: false
2020/04/07-09:29:52.610405 7f2bf48c2700      Options.level0_file_num_compaction_trigger: 4
2020/04/07-09:29:52.610406 7f2bf48c2700          Options.level0_slowdown_writes_trigger: 20
2020/04/07-09:29:52.610407 7f2bf48c2700              Options.level0_stop_writes_trigger: 36
2020/04/07-09:29:52.610407 7f2bf48c2700                   Options.target_file_size_base: 67108864
2020/04/07-09:29:52.610408 7f2bf48c2700             Options.target_file_size_multiplier: 1
2020/04/07-09:29:52.610409 7f2bf48c2700                Options.max_bytes_for_level_base: 268435456
2020/04/07-09:29:52.610410 7f2bf48c2700                      Options.snap_refresh_nanos: 500000000
2020/04/07-09:29:52.610411 7f2bf48c2700 Options.level_compaction_dynamic_level_bytes: 0
2020/04/07-09:29:52.610412 7f2bf48c2700          Options.max_bytes_for_level_multiplier: 10.000000
2020/04/07-09:29:52.610917 7f2bf48c2700 Options.max_bytes_for_level_multiplier_addtl[0]: 1
2020/04/07-09:29:52.610923 7f2bf48c2700 Options.max_bytes_for_level_multiplier_addtl[1]: 1
2020/04/07-09:29:52.610924 7f2bf48c2700 Options.max_bytes_for_level_multiplier_addtl[2]: 1
2020/04/07-09:29:52.610925 7f2bf48c2700 Options.max_bytes_for_level_multiplier_addtl[3]: 1
2020/04/07-09:29:52.610926 7f2bf48c2700 Options.max_bytes_for_level_multiplier_addtl[4]: 1
2020/04/07-09:29:52.610927 7f2bf48c2700 Options.max_bytes_for_level_multiplier_addtl[5]: 1
2020/04/07-09:29:52.610928 7f2bf48c2700 Options.max_bytes_for_level_multiplier_addtl[6]: 1
2020/04/07-09:29:52.610929 7f2bf48c2700       Options.max_sequential_skip_in_iterations: 8
2020/04/07-09:29:52.610930 7f2bf48c2700                    Options.max_compaction_bytes: 1677721600
2020/04/07-09:29:52.610931 7f2bf48c2700                        Options.arena_block_size: 8388608
2020/04/07-09:29:52.610932 7f2bf48c2700   Options.soft_pending_compaction_bytes_limit: 68719476736
2020/04/07-09:29:52.610933 7f2bf48c2700   Options.hard_pending_compaction_bytes_limit: 274877906944
2020/04/07-09:29:52.610934 7f2bf48c2700       Options.rate_limit_delay_max_milliseconds: 100
2020/04/07-09:29:52.610953 7f2bf48c2700                Options.disable_auto_compactions: 0
2020/04/07-09:29:52.610955 7f2bf48c2700                        Options.compaction_style: kCompactionStyleLevel
2020/04/07-09:29:52.610956 7f2bf48c2700                          Options.compaction_pri: kMinOverlappingRatio
2020/04/07-09:29:52.610957 7f2bf48c2700 Options.compaction_options_universal.size_ratio: 1
2020/04/07-09:29:52.610958 7f2bf48c2700 Options.compaction_options_universal.min_merge_width: 2
2020/04/07-09:29:52.610958 7f2bf48c2700 Options.compaction_options_universal.max_merge_width: 4294967295
2020/04/07-09:29:52.610959 7f2bf48c2700 Options.compaction_options_universal.max_size_amplification_percent: 200
2020/04/07-09:29:52.610960 7f2bf48c2700 Options.compaction_options_universal.compression_size_percent: -1
2020/04/07-09:29:52.610961 7f2bf48c2700 Options.compaction_options_universal.stop_style: kCompactionStopStyleTotalSize
2020/04/07-09:29:52.610962 7f2bf48c2700 Options.compaction_options_fifo.max_table_files_size: 1073741824
2020/04/07-09:29:52.610963 7f2bf48c2700 Options.compaction_options_fifo.allow_compaction: 0
2020/04/07-09:29:52.610964 7f2bf48c2700                   Options.table_properties_collectors: 
2020/04/07-09:29:52.610965 7f2bf48c2700                   Options.inplace_update_support: 0
2020/04/07-09:29:52.610965 7f2bf48c2700                 Options.inplace_update_num_locks: 10000
2020/04/07-09:29:52.610966 7f2bf48c2700               Options.memtable_prefix_bloom_size_ratio: 0.000000
2020/04/07-09:29:52.610968 7f2bf48c2700               Options.memtable_whole_key_filtering: 0
2020/04/07-09:29:52.610969 7f2bf48c2700   Options.memtable_huge_page_size: 0
2020/04/07-09:29:52.610970 7f2bf48c2700                           Options.bloom_locality: 0
2020/04/07-09:29:52.610971 7f2bf48c2700                    Options.max_successive_merges: 0
2020/04/07-09:29:52.610971 7f2bf48c2700                Options.optimize_filters_for_hits: 0
2020/04/07-09:29:52.610972 7f2bf48c2700                Options.paranoid_file_checks: 0
2020/04/07-09:29:52.610973 7f2bf48c2700                Options.force_consistency_checks: 0
2020/04/07-09:29:52.610974 7f2bf48c2700                Options.report_bg_io_stats: 0
2020/04/07-09:29:52.610975 7f2bf48c2700                               Options.ttl: 0
2020/04/07-09:29:52.610975 7f2bf48c2700          Options.periodic_compaction_seconds: 0
2020/04/07-09:29:52.612613 7f2bf48c2700 [/version_set.cc:4267] Recovered from manifest file:/storagemount/data/filipscrawl3/data_backlinks/hub_id/MANIFEST-000001 succeeded,manifest_file_number is 1, next_file_number is 3, last_sequence is 0, log_number is 0,prev_log_number is 0,max_column_family is 0,min_log_number_to_keep is 0
2020/04/07-09:29:52.612624 7f2bf48c2700 [/version_set.cc:4276] Column family [default] (ID 0), log number is 0
2020/04/07-09:29:52.650140 7f2bf48c2700 DB pointer 0x7f2be00f23d0
2020/04/07-09:29:52.651049 7f2bb3532700 [/db_impl.cc:779] ------- DUMPING STATS -------
2020/04/07-09:29:52.651083 7f2bb3532700 [/db_impl.cc:780] 
** DB Stats **
Uptime(secs): 0.0 total, 0.0 interval
Cumulative writes: 0 writes, 0 keys, 0 commit groups, 0.0 writes per commit group, ingest: 0.00 GB, 0.00 MB/s
Cumulative WAL: 0 writes, 0 syncs, 0.00 writes per sync, written: 0.00 GB, 0.00 MB/s
Cumulative stall: 00:00:0.000 H:M:S, 0.0 percent
Interval writes: 0 writes, 0 keys, 0 commit groups, 0.0 writes per commit group, ingest: 0.00 MB, 0.00 MB/s
Interval WAL: 0 writes, 0 syncs, 0.00 writes per sync, written: 0.00 MB, 0.00 MB/s
Interval stall: 00:00:0.000 H:M:S, 0.0 percent

** Compaction Stats [default] **
Level    Files   Size     Score Read(GB)  Rn(GB) Rnp1(GB) Write(GB) Wnew(GB) Moved(GB) W-Amp Rd(MB/s) Wr(MB/s) Comp(sec) CompMergeCPU(sec) Comp(cnt) Avg(sec) KeyIn KeyDrop
----------------------------------------------------------------------------------------------------------------------------------------------------------------------------
 Sum      0/0    0.00 KB   0.0      0.0     0.0      0.0       0.0      0.0       0.0   0.0      0.0      0.0      0.00              0.00         0    0.000       0      0
 Int      0/0    0.00 KB   0.0      0.0     0.0      0.0       0.0      0.0       0.0   0.0      0.0      0.0      0.00              0.00         0    0.000       0      0

** Compaction Stats [default] **
Priority    Files   Size     Score Read(GB)  Rn(GB) Rnp1(GB) Write(GB) Wnew(GB) Moved(GB) W-Amp Rd(MB/s) Wr(MB/s) Comp(sec) CompMergeCPU(sec) Comp(cnt) Avg(sec) KeyIn KeyDrop
-------------------------------------------------------------------------------------------------------------------------------------------------------------------------------
Uptime(secs): 0.0 total, 0.0 interval
Flush(GB): cumulative 0.000, interval 0.000
AddFile(GB): cumulative 0.000, interval 0.000
AddFile(Total Files): cumulative 0, interval 0
AddFile(L0 Files): cumulative 0, interval 0
AddFile(Keys): cumulative 0, interval 0
Cumulative compaction: 0.00 GB write, 0.00 MB/s write, 0.00 GB read, 0.00 MB/s read, 0.0 seconds
Interval compaction: 0.00 GB write, 0.00 MB/s write, 0.00 GB read, 0.00 MB/s read, 0.0 seconds
Stalls(count): 0 level0_slowdown, 0 level0_slowdown_with_compaction, 0 level0_numfiles, 0 level0_numfiles_with_compaction, 0 stop for pending_compaction_bytes, 0 slowdown for pending_compaction_bytes, 0 memtable_compaction, 0 memtable_slowdown, interval 0 total count

** File Read Latency Histogram By Level [default] **

** Compaction Stats [default] **
Level    Files   Size     Score Read(GB)  Rn(GB) Rnp1(GB) Write(GB) Wnew(GB) Moved(GB) W-Amp Rd(MB/s) Wr(MB/s) Comp(sec) CompMergeCPU(sec) Comp(cnt) Avg(sec) KeyIn KeyDrop
----------------------------------------------------------------------------------------------------------------------------------------------------------------------------
 Sum      0/0    0.00 KB   0.0      0.0     0.0      0.0       0.0      0.0       0.0   0.0      0.0      0.0      0.00              0.00         0    0.000       0      0
 Int      0/0    0.00 KB   0.0      0.0     0.0      0.0       0.0      0.0       0.0   0.0      0.0      0.0      0.00              0.00         0    0.000       0      0

** Compaction Stats [default] **
Priority    Files   Size     Score Read(GB)  Rn(GB) Rnp1(GB) Write(GB) Wnew(GB) Moved(GB) W-Amp Rd(MB/s) Wr(MB/s) Comp(sec) CompMergeCPU(sec) Comp(cnt) Avg(sec) KeyIn KeyDrop
-------------------------------------------------------------------------------------------------------------------------------------------------------------------------------
Uptime(secs): 0.0 total, 0.0 interval
Flush(GB): cumulative 0.000, interval 0.000
AddFile(GB): cumulative 0.000, interval 0.000
AddFile(Total Files): cumulative 0, interval 0
AddFile(L0 Files): cumulative 0, interval 0
AddFile(Keys): cumulative 0, interval 0
Cumulative compaction: 0.00 GB write, 0.00 MB/s write, 0.00 GB read, 0.00 MB/s read, 0.0 seconds
Interval compaction: 0.00 GB write, 0.00 MB/s write, 0.00 GB read, 0.00 MB/s read, 0.0 seconds
Stalls(count): 0 level0_slowdown, 0 level0_slowdown_with_compaction, 0 level0_numfiles, 0 level0_numfiles_with_compaction, 0 stop for pending_compaction_bytes, 0 slowdown for pending_compaction_bytes, 0 memtable_compaction, 0 memtable_slowdown, interval 0 total count

** File Read Latency Histogram By Level [default] **
2020/04/07-09:30:01.440748 7f2bf41bb700 [/db_impl.cc:392] Shutdown: canceling all background work
2020/04/07-09:30:01.447876 7f2bf41bb700 [/db_impl.cc:565] Shutdown complete
