2020/04/07-09:29:52.763175 7f2bf48c2700 RocksDB version: 6.2.2
2020/04/07-09:29:52.763586 7f2bf48c2700 Git sha rocksdb_build_git_sha:
2020/04/07-09:29:52.763592 7f2bf48c2700 Compile date Aug  3 2019
2020/04/07-09:29:52.763594 7f2bf48c2700 DB SUMMARY
2020/04/07-09:29:52.764255 7f2bf48c2700 SST files in /storagemount/data/filipscrawl3/data_hosts dir, Total Num: 0, files: 
2020/04/07-09:29:52.764262 7f2bf48c2700 Write Ahead Log file in /storagemount/data/filipscrawl3/data_hosts: 
2020/04/07-09:29:52.764264 7f2bf48c2700                         Options.error_if_exists: 0
2020/04/07-09:29:52.764266 7f2bf48c2700                       Options.create_if_missing: 1
2020/04/07-09:29:52.764267 7f2bf48c2700                         Options.paranoid_checks: 1
2020/04/07-09:29:52.764268 7f2bf48c2700                                     Options.env: 0x7f2bc3dfb3e0
2020/04/07-09:29:52.764269 7f2bf48c2700                                Options.info_log: 0x7f2be0206780
2020/04/07-09:29:52.764270 7f2bf48c2700                Options.max_file_opening_threads: 16
2020/04/07-09:29:52.764271 7f2bf48c2700                              Options.statistics: (nil)
2020/04/07-09:29:52.764273 7f2bf48c2700                               Options.use_fsync: 0
2020/04/07-09:29:52.764274 7f2bf48c2700                       Options.max_log_file_size: 0
2020/04/07-09:29:52.764275 7f2bf48c2700                  Options.max_manifest_file_size: 1073741824
2020/04/07-09:29:52.764276 7f2bf48c2700                   Options.log_file_time_to_roll: 0
2020/04/07-09:29:52.764277 7f2bf48c2700                       Options.keep_log_file_num: 1000
2020/04/07-09:29:52.764278 7f2bf48c2700                    Options.recycle_log_file_num: 0
2020/04/07-09:29:52.764279 7f2bf48c2700                         Options.allow_fallocate: 1
2020/04/07-09:29:52.764280 7f2bf48c2700                        Options.allow_mmap_reads: 0
2020/04/07-09:29:52.764281 7f2bf48c2700                       Options.allow_mmap_writes: 0
2020/04/07-09:29:52.764282 7f2bf48c2700                        Options.use_direct_reads: 0
2020/04/07-09:29:52.764283 7f2bf48c2700                        Options.use_direct_io_for_flush_and_compaction: 0
2020/04/07-09:29:52.764284 7f2bf48c2700          Options.create_missing_column_families: 0
2020/04/07-09:29:52.764285 7f2bf48c2700                              Options.db_log_dir: 
2020/04/07-09:29:52.764286 7f2bf48c2700                                 Options.wal_dir: /storagemount/data/filipscrawl3/data_hosts
2020/04/07-09:29:52.764287 7f2bf48c2700                Options.table_cache_numshardbits: 6
2020/04/07-09:29:52.764288 7f2bf48c2700                      Options.max_subcompactions: 1
2020/04/07-09:29:52.764289 7f2bf48c2700                  Options.max_background_flushes: -1
2020/04/07-09:29:52.764290 7f2bf48c2700                         Options.WAL_ttl_seconds: 0
2020/04/07-09:29:52.764291 7f2bf48c2700                       Options.WAL_size_limit_MB: 0
2020/04/07-09:29:52.764292 7f2bf48c2700             Options.manifest_preallocation_size: 4194304
2020/04/07-09:29:52.764293 7f2bf48c2700                     Options.is_fd_close_on_exec: 1
2020/04/07-09:29:52.764294 7f2bf48c2700                   Options.advise_random_on_open: 1
2020/04/07-09:29:52.764295 7f2bf48c2700                    Options.db_write_buffer_size: 0
2020/04/07-09:29:52.764296 7f2bf48c2700                    Options.write_buffer_manager: 0x7f2be023a8e0
2020/04/07-09:29:52.764297 7f2bf48c2700         Options.access_hint_on_compaction_start: 1
2020/04/07-09:29:52.764298 7f2bf48c2700  Options.new_table_reader_for_compaction_inputs: 0
2020/04/07-09:29:52.764299 7f2bf48c2700           Options.random_access_max_buffer_size: 1048576
2020/04/07-09:29:52.764300 7f2bf48c2700                      Options.use_adaptive_mutex: 0
2020/04/07-09:29:52.764301 7f2bf48c2700                            Options.rate_limiter: (nil)
2020/04/07-09:29:52.764303 7f2bf48c2700     Options.sst_file_manager.rate_bytes_per_sec: 0
2020/04/07-09:29:52.764304 7f2bf48c2700                       Options.wal_recovery_mode: 2
2020/04/07-09:29:52.764305 7f2bf48c2700                  Options.enable_thread_tracking: 0
2020/04/07-09:29:52.765004 7f2bf48c2700                  Options.enable_pipelined_write: 0
2020/04/07-09:29:52.765011 7f2bf48c2700         Options.allow_concurrent_memtable_write: 1
2020/04/07-09:29:52.765012 7f2bf48c2700      Options.enable_write_thread_adaptive_yield: 1
2020/04/07-09:29:52.765013 7f2bf48c2700             Options.write_thread_max_yield_usec: 100
2020/04/07-09:29:52.765014 7f2bf48c2700            Options.write_thread_slow_yield_usec: 3
2020/04/07-09:29:52.765015 7f2bf48c2700                               Options.row_cache: None
2020/04/07-09:29:52.765016 7f2bf48c2700                              Options.wal_filter: None
2020/04/07-09:29:52.765018 7f2bf48c2700             Options.avoid_flush_during_recovery: 0
2020/04/07-09:29:52.765019 7f2bf48c2700             Options.allow_ingest_behind: 0
2020/04/07-09:29:52.765020 7f2bf48c2700             Options.preserve_deletes: 0
2020/04/07-09:29:52.765021 7f2bf48c2700             Options.two_write_queues: 0
2020/04/07-09:29:52.765022 7f2bf48c2700             Options.manual_wal_flush: 0
2020/04/07-09:29:52.765023 7f2bf48c2700             Options.atomic_flush: 0
2020/04/07-09:29:52.765024 7f2bf48c2700             Options.avoid_unnecessary_blocking_io: 0
2020/04/07-09:29:52.765025 7f2bf48c2700             Options.max_background_jobs: 2
2020/04/07-09:29:52.765026 7f2bf48c2700             Options.max_background_compactions: -1
2020/04/07-09:29:52.765027 7f2bf48c2700             Options.avoid_flush_during_shutdown: 0
2020/04/07-09:29:52.765028 7f2bf48c2700           Options.writable_file_max_buffer_size: 1048576
2020/04/07-09:29:52.765029 7f2bf48c2700             Options.delayed_write_rate : 16777216
2020/04/07-09:29:52.765030 7f2bf48c2700             Options.max_total_wal_size: 0
2020/04/07-09:29:52.765031 7f2bf48c2700             Options.delete_obsolete_files_period_micros: 21600000000
2020/04/07-09:29:52.765032 7f2bf48c2700                   Options.stats_dump_period_sec: 600
2020/04/07-09:29:52.765034 7f2bf48c2700                 Options.stats_persist_period_sec: 600
2020/04/07-09:29:52.765035 7f2bf48c2700                 Options.stats_history_buffer_size: 1048576
2020/04/07-09:29:52.765035 7f2bf48c2700                          Options.max_open_files: -1
2020/04/07-09:29:52.765036 7f2bf48c2700                          Options.bytes_per_sync: 0
2020/04/07-09:29:52.765038 7f2bf48c2700                      Options.wal_bytes_per_sync: 0
2020/04/07-09:29:52.765038 7f2bf48c2700                   Options.strict_bytes_per_sync: 0
2020/04/07-09:29:52.765040 7f2bf48c2700       Options.compaction_readahead_size: 0
2020/04/07-09:29:52.765041 7f2bf48c2700 Compression algorithms supported:
2020/04/07-09:29:52.765042 7f2bf48c2700 	kZSTDNotFinalCompression supported: 1
2020/04/07-09:29:52.765043 7f2bf48c2700 	kZSTD supported: 1
2020/04/07-09:29:52.765045 7f2bf48c2700 	kXpressCompression supported: 0
2020/04/07-09:29:52.765046 7f2bf48c2700 	kLZ4HCCompression supported: 1
2020/04/07-09:29:52.765047 7f2bf48c2700 	kLZ4Compression supported: 1
2020/04/07-09:29:52.765048 7f2bf48c2700 	kBZip2Compression supported: 1
2020/04/07-09:29:52.765049 7f2bf48c2700 	kZlibCompression supported: 1
2020/04/07-09:29:52.765050 7f2bf48c2700 	kSnappyCompression supported: 1
2020/04/07-09:29:52.765054 7f2bf48c2700 Fast CRC32 supported: Not supported on x86
2020/04/07-09:29:52.767789 7f2bf48c2700 [/db_impl_open.cc:242] Creating manifest 1 
2020/04/07-09:29:52.793837 7f2bf48c2700 [/version_set.cc:4053] Recovering from manifest file: /storagemount/data/filipscrawl3/data_hosts/MANIFEST-000001
2020/04/07-09:29:52.795348 7f2bf48c2700 [/column_family.cc:482] --------------- Options for column family [default]:
2020/04/07-09:29:52.795360 7f2bf48c2700               Options.comparator: leveldb.BytewiseComparator
2020/04/07-09:29:52.795365 7f2bf48c2700           Options.merge_operator: None
2020/04/07-09:29:52.795368 7f2bf48c2700        Options.compaction_filter: None
2020/04/07-09:29:52.795369 7f2bf48c2700        Options.compaction_filter_factory: None
2020/04/07-09:29:52.795371 7f2bf48c2700         Options.memtable_factory: SkipListFactory
2020/04/07-09:29:52.795758 7f2bf48c2700            Options.table_factory: BlockBasedTable
2020/04/07-09:29:52.795810 7f2bf48c2700            table_factory options:   flush_block_policy_factory: FlushBlockBySizePolicyFactory (0x7f2be01e06c0)
  cache_index_and_filter_blocks: 0
  cache_index_and_filter_blocks_with_high_priority: 0
  pin_l0_filter_and_index_blocks_in_cache: 0
  pin_top_level_index_and_filter: 1
  index_type: 0
  data_block_index_type: 0
  index_shortening: 1
  data_block_hash_table_util_ratio: 0.750000
  hash_index_allow_collision: 1
  checksum: 1
  no_block_cache: 0
  block_cache: 0x7f2be020e730
  block_cache_name: LRUCache
  block_cache_options:
    capacity : 8388608
    num_shard_bits : 4
    strict_capacity_limit : 0
    memory_allocator : None
    high_pri_pool_ratio: 0.000
  block_cache_compressed: (nil)
  persistent_cache: (nil)
  block_size: 4096
  block_size_deviation: 10
  block_restart_interval: 16
  index_block_restart_interval: 1
  metadata_block_size: 4096
  partition_filters: 0
  use_delta_encoding: 1
  filter_policy: nullptr
  whole_key_filtering: 1
  verify_compression: 0
  read_amp_bytes_per_bit: 0
  format_version: 2
  enable_index_compression: 1
  block_align: 0
2020/04/07-09:29:52.795813 7f2bf48c2700        Options.write_buffer_size: 67108864
2020/04/07-09:29:52.795814 7f2bf48c2700  Options.max_write_buffer_number: 2
2020/04/07-09:29:52.795815 7f2bf48c2700          Options.compression: Snappy
2020/04/07-09:29:52.795816 7f2bf48c2700                  Options.bottommost_compression: Disabled
2020/04/07-09:29:52.795817 7f2bf48c2700       Options.prefix_extractor: nullptr
2020/04/07-09:29:52.795818 7f2bf48c2700   Options.memtable_insert_with_hint_prefix_extractor: nullptr
2020/04/07-09:29:52.795819 7f2bf48c2700             Options.num_levels: 7
2020/04/07-09:29:52.795820 7f2bf48c2700        Options.min_write_buffer_number_to_merge: 1
2020/04/07-09:29:52.795820 7f2bf48c2700     Options.max_write_buffer_number_to_maintain: 0
2020/04/07-09:29:52.795821 7f2bf48c2700            Options.bottommost_compression_opts.window_bits: -14
2020/04/07-09:29:52.795822 7f2bf48c2700                  Options.bottommost_compression_opts.level: 32767
2020/04/07-09:29:52.795823 7f2bf48c2700               Options.bottommost_compression_opts.strategy: 0
2020/04/07-09:29:52.795824 7f2bf48c2700         Options.bottommost_compression_opts.max_dict_bytes: 0
2020/04/07-09:29:52.795825 7f2bf48c2700         Options.bottommost_compression_opts.zstd_max_train_bytes: 0
2020/04/07-09:29:52.795825 7f2bf48c2700                  Options.bottommost_compression_opts.enabled: false
2020/04/07-09:29:52.795826 7f2bf48c2700            Options.compression_opts.window_bits: -14
2020/04/07-09:29:52.795827 7f2bf48c2700                  Options.compression_opts.level: 32767
2020/04/07-09:29:52.795828 7f2bf48c2700               Options.compression_opts.strategy: 0
2020/04/07-09:29:52.795829 7f2bf48c2700         Options.compression_opts.max_dict_bytes: 0
2020/04/07-09:29:52.795830 7f2bf48c2700         Options.compression_opts.zstd_max_train_bytes: 0
2020/04/07-09:29:52.795830 7f2bf48c2700                  Options.compression_opts.enabled: false
2020/04/07-09:29:52.795831 7f2bf48c2700      Options.level0_file_num_compaction_trigger: 4
2020/04/07-09:29:52.795832 7f2bf48c2700          Options.level0_slowdown_writes_trigger: 20
2020/04/07-09:29:52.795833 7f2bf48c2700              Options.level0_stop_writes_trigger: 36
2020/04/07-09:29:52.795834 7f2bf48c2700                   Options.target_file_size_base: 67108864
2020/04/07-09:29:52.795835 7f2bf48c2700             Options.target_file_size_multiplier: 1
2020/04/07-09:29:52.795835 7f2bf48c2700                Options.max_bytes_for_level_base: 268435456
2020/04/07-09:29:52.795836 7f2bf48c2700                      Options.snap_refresh_nanos: 500000000
2020/04/07-09:29:52.795837 7f2bf48c2700 Options.level_compaction_dynamic_level_bytes: 0
2020/04/07-09:29:52.795838 7f2bf48c2700          Options.max_bytes_for_level_multiplier: 10.000000
2020/04/07-09:29:52.795840 7f2bf48c2700 Options.max_bytes_for_level_multiplier_addtl[0]: 1
2020/04/07-09:29:52.796143 7f2bf48c2700 Options.max_bytes_for_level_multiplier_addtl[1]: 1
2020/04/07-09:29:52.796147 7f2bf48c2700 Options.max_bytes_for_level_multiplier_addtl[2]: 1
2020/04/07-09:29:52.796148 7f2bf48c2700 Options.max_bytes_for_level_multiplier_addtl[3]: 1
2020/04/07-09:29:52.796149 7f2bf48c2700 Options.max_bytes_for_level_multiplier_addtl[4]: 1
2020/04/07-09:29:52.796151 7f2bf48c2700 Options.max_bytes_for_level_multiplier_addtl[5]: 1
2020/04/07-09:29:52.796152 7f2bf48c2700 Options.max_bytes_for_level_multiplier_addtl[6]: 1
2020/04/07-09:29:52.796153 7f2bf48c2700       Options.max_sequential_skip_in_iterations: 8
2020/04/07-09:29:52.796155 7f2bf48c2700                    Options.max_compaction_bytes: 1677721600
2020/04/07-09:29:52.796156 7f2bf48c2700                        Options.arena_block_size: 8388608
2020/04/07-09:29:52.796157 7f2bf48c2700   Options.soft_pending_compaction_bytes_limit: 68719476736
2020/04/07-09:29:52.796158 7f2bf48c2700   Options.hard_pending_compaction_bytes_limit: 274877906944
2020/04/07-09:29:52.796159 7f2bf48c2700       Options.rate_limit_delay_max_milliseconds: 100
2020/04/07-09:29:52.796160 7f2bf48c2700                Options.disable_auto_compactions: 0
2020/04/07-09:29:52.796162 7f2bf48c2700                        Options.compaction_style: kCompactionStyleLevel
2020/04/07-09:29:52.796163 7f2bf48c2700                          Options.compaction_pri: kMinOverlappingRatio
2020/04/07-09:29:52.796165 7f2bf48c2700 Options.compaction_options_universal.size_ratio: 1
2020/04/07-09:29:52.796166 7f2bf48c2700 Options.compaction_options_universal.min_merge_width: 2
2020/04/07-09:29:52.796167 7f2bf48c2700 Options.compaction_options_universal.max_merge_width: 4294967295
2020/04/07-09:29:52.796168 7f2bf48c2700 Options.compaction_options_universal.max_size_amplification_percent: 200
2020/04/07-09:29:52.796169 7f2bf48c2700 Options.compaction_options_universal.compression_size_percent: -1
2020/04/07-09:29:52.796170 7f2bf48c2700 Options.compaction_options_universal.stop_style: kCompactionStopStyleTotalSize
2020/04/07-09:29:52.796171 7f2bf48c2700 Options.compaction_options_fifo.max_table_files_size: 1073741824
2020/04/07-09:29:52.796173 7f2bf48c2700 Options.compaction_options_fifo.allow_compaction: 0
2020/04/07-09:29:52.796174 7f2bf48c2700                   Options.table_properties_collectors: 
2020/04/07-09:29:52.796175 7f2bf48c2700                   Options.inplace_update_support: 0
2020/04/07-09:29:52.796176 7f2bf48c2700                 Options.inplace_update_num_locks: 10000
2020/04/07-09:29:52.796177 7f2bf48c2700               Options.memtable_prefix_bloom_size_ratio: 0.000000
2020/04/07-09:29:52.796179 7f2bf48c2700               Options.memtable_whole_key_filtering: 0
2020/04/07-09:29:52.796180 7f2bf48c2700   Options.memtable_huge_page_size: 0
2020/04/07-09:29:52.796181 7f2bf48c2700                           Options.bloom_locality: 0
2020/04/07-09:29:52.796182 7f2bf48c2700                    Options.max_successive_merges: 0
2020/04/07-09:29:52.796184 7f2bf48c2700                Options.optimize_filters_for_hits: 0
2020/04/07-09:29:52.796185 7f2bf48c2700                Options.paranoid_file_checks: 0
2020/04/07-09:29:52.796186 7f2bf48c2700                Options.force_consistency_checks: 0
2020/04/07-09:29:52.796187 7f2bf48c2700                Options.report_bg_io_stats: 0
2020/04/07-09:29:52.796188 7f2bf48c2700                               Options.ttl: 0
2020/04/07-09:29:52.796189 7f2bf48c2700          Options.periodic_compaction_seconds: 0
2020/04/07-09:29:52.797389 7f2bf48c2700 [/version_set.cc:4267] Recovered from manifest file:/storagemount/data/filipscrawl3/data_hosts/MANIFEST-000001 succeeded,manifest_file_number is 1, next_file_number is 3, last_sequence is 0, log_number is 0,prev_log_number is 0,max_column_family is 0,min_log_number_to_keep is 0
2020/04/07-09:29:52.797396 7f2bf48c2700 [/version_set.cc:4276] Column family [default] (ID 0), log number is 0
2020/04/07-09:29:52.837798 7f2bf48c2700 DB pointer 0x7f2be020ed80
2020/04/07-09:29:52.838335 7f2bb052c700 [/db_impl.cc:779] ------- DUMPING STATS -------
2020/04/07-09:29:52.838354 7f2bb052c700 [/db_impl.cc:780] 
** DB Stats **
Uptime(secs): 0.0 total, 0.0 interval
Cumulative writes: 0 writes, 0 keys, 0 commit groups, 0.0 writes per commit group, ingest: 0.00 GB, 0.00 MB/s
Cumulative WAL: 0 writes, 0 syncs, 0.00 writes per sync, written: 0.00 GB, 0.00 MB/s
Cumulative stall: 00:00:0.000 H:M:S, 0.0 percent
Interval writes: 0 writes, 0 keys, 0 commit groups, 0.0 writes per commit group, ingest: 0.00 MB, 0.00 MB/s
Interval WAL: 0 writes, 0 syncs, 0.00 writes per sync, written: 0.00 MB, 0.00 MB/s
Interval stall: 00:00:0.000 H:M:S, 0.0 percent

** Compaction Stats [default] **
Level    Files   Size     Score Read(GB)  Rn(GB) Rnp1(GB) Write(GB) Wnew(GB) Moved(GB) W-Amp Rd(MB/s) Wr(MB/s) Comp(sec) CompMergeCPU(sec) Comp(cnt) Avg(sec) KeyIn KeyDrop
----------------------------------------------------------------------------------------------------------------------------------------------------------------------------
 Sum      0/0    0.00 KB   0.0      0.0     0.0      0.0       0.0      0.0       0.0   0.0      0.0      0.0      0.00              0.00         0    0.000       0      0
 Int      0/0    0.00 KB   0.0      0.0     0.0      0.0       0.0      0.0       0.0   0.0      0.0      0.0      0.00              0.00         0    0.000       0      0

** Compaction Stats [default] **
Priority    Files   Size     Score Read(GB)  Rn(GB) Rnp1(GB) Write(GB) Wnew(GB) Moved(GB) W-Amp Rd(MB/s) Wr(MB/s) Comp(sec) CompMergeCPU(sec) Comp(cnt) Avg(sec) KeyIn KeyDrop
-------------------------------------------------------------------------------------------------------------------------------------------------------------------------------
Uptime(secs): 0.0 total, 0.0 interval
Flush(GB): cumulative 0.000, interval 0.000
AddFile(GB): cumulative 0.000, interval 0.000
AddFile(Total Files): cumulative 0, interval 0
AddFile(L0 Files): cumulative 0, interval 0
AddFile(Keys): cumulative 0, interval 0
Cumulative compaction: 0.00 GB write, 0.00 MB/s write, 0.00 GB read, 0.00 MB/s read, 0.0 seconds
Interval compaction: 0.00 GB write, 0.00 MB/s write, 0.00 GB read, 0.00 MB/s read, 0.0 seconds
Stalls(count): 0 level0_slowdown, 0 level0_slowdown_with_compaction, 0 level0_numfiles, 0 level0_numfiles_with_compaction, 0 stop for pending_compaction_bytes, 0 slowdown for pending_compaction_bytes, 0 memtable_compaction, 0 memtable_slowdown, interval 0 total count

** File Read Latency Histogram By Level [default] **

** Compaction Stats [default] **
Level    Files   Size     Score Read(GB)  Rn(GB) Rnp1(GB) Write(GB) Wnew(GB) Moved(GB) W-Amp Rd(MB/s) Wr(MB/s) Comp(sec) CompMergeCPU(sec) Comp(cnt) Avg(sec) KeyIn KeyDrop
----------------------------------------------------------------------------------------------------------------------------------------------------------------------------
 Sum      0/0    0.00 KB   0.0      0.0     0.0      0.0       0.0      0.0       0.0   0.0      0.0      0.0      0.00              0.00         0    0.000       0      0
 Int      0/0    0.00 KB   0.0      0.0     0.0      0.0       0.0      0.0       0.0   0.0      0.0      0.0      0.00              0.00         0    0.000       0      0

** Compaction Stats [default] **
Priority    Files   Size     Score Read(GB)  Rn(GB) Rnp1(GB) Write(GB) Wnew(GB) Moved(GB) W-Amp Rd(MB/s) Wr(MB/s) Comp(sec) CompMergeCPU(sec) Comp(cnt) Avg(sec) KeyIn KeyDrop
-------------------------------------------------------------------------------------------------------------------------------------------------------------------------------
Uptime(secs): 0.0 total, 0.0 interval
Flush(GB): cumulative 0.000, interval 0.000
AddFile(GB): cumulative 0.000, interval 0.000
AddFile(Total Files): cumulative 0, interval 0
AddFile(L0 Files): cumulative 0, interval 0
AddFile(Keys): cumulative 0, interval 0
Cumulative compaction: 0.00 GB write, 0.00 MB/s write, 0.00 GB read, 0.00 MB/s read, 0.0 seconds
Interval compaction: 0.00 GB write, 0.00 MB/s write, 0.00 GB read, 0.00 MB/s read, 0.0 seconds
Stalls(count): 0 level0_slowdown, 0 level0_slowdown_with_compaction, 0 level0_numfiles, 0 level0_numfiles_with_compaction, 0 stop for pending_compaction_bytes, 0 slowdown for pending_compaction_bytes, 0 memtable_compaction, 0 memtable_slowdown, interval 0 total count

** File Read Latency Histogram By Level [default] **
2020/04/07-09:30:01.477359 7f2bf41bb700 [/db_impl.cc:392] Shutdown: canceling all background work
2020/04/07-09:30:01.486133 7f2bf41bb700 [/db_impl.cc:565] Shutdown complete
