2020/04/07-09:29:52.343545 7f2bf48c2700 RocksDB version: 6.2.2
2020/04/07-09:29:52.344021 7f2bf48c2700 Git sha rocksdb_build_git_sha:
2020/04/07-09:29:52.344027 7f2bf48c2700 Compile date Aug  3 2019
2020/04/07-09:29:52.344029 7f2bf48c2700 DB SUMMARY
2020/04/07-09:29:52.344971 7f2bf48c2700 SST files in /storagemount/data/filipscrawl3/data_backlinks/auth_id dir, Total Num: 0, files: 
2020/04/07-09:29:52.344977 7f2bf48c2700 Write Ahead Log file in /storagemount/data/filipscrawl3/data_backlinks/auth_id: 
2020/04/07-09:29:52.344979 7f2bf48c2700                         Options.error_if_exists: 0
2020/04/07-09:29:52.344980 7f2bf48c2700                       Options.create_if_missing: 1
2020/04/07-09:29:52.344981 7f2bf48c2700                         Options.paranoid_checks: 1
2020/04/07-09:29:52.344982 7f2bf48c2700                                     Options.env: 0x7f2bc3dfb3e0
2020/04/07-09:29:52.344983 7f2bf48c2700                                Options.info_log: 0x7f2be0185ad0
2020/04/07-09:29:52.344984 7f2bf48c2700                Options.max_file_opening_threads: 16
2020/04/07-09:29:52.344985 7f2bf48c2700                              Options.statistics: (nil)
2020/04/07-09:29:52.344986 7f2bf48c2700                               Options.use_fsync: 0
2020/04/07-09:29:52.344986 7f2bf48c2700                       Options.max_log_file_size: 0
2020/04/07-09:29:52.345005 7f2bf48c2700                  Options.max_manifest_file_size: 1073741824
2020/04/07-09:29:52.345007 7f2bf48c2700                   Options.log_file_time_to_roll: 0
2020/04/07-09:29:52.345008 7f2bf48c2700                       Options.keep_log_file_num: 1000
2020/04/07-09:29:52.345009 7f2bf48c2700                    Options.recycle_log_file_num: 0
2020/04/07-09:29:52.345010 7f2bf48c2700                         Options.allow_fallocate: 1
2020/04/07-09:29:52.345011 7f2bf48c2700                        Options.allow_mmap_reads: 0
2020/04/07-09:29:52.345012 7f2bf48c2700                       Options.allow_mmap_writes: 0
2020/04/07-09:29:52.345013 7f2bf48c2700                        Options.use_direct_reads: 0
2020/04/07-09:29:52.345014 7f2bf48c2700                        Options.use_direct_io_for_flush_and_compaction: 0
2020/04/07-09:29:52.345015 7f2bf48c2700          Options.create_missing_column_families: 0
2020/04/07-09:29:52.345016 7f2bf48c2700                              Options.db_log_dir: 
2020/04/07-09:29:52.345017 7f2bf48c2700                                 Options.wal_dir: /storagemount/data/filipscrawl3/data_backlinks/auth_id
2020/04/07-09:29:52.345018 7f2bf48c2700                Options.table_cache_numshardbits: 6
2020/04/07-09:29:52.345018 7f2bf48c2700                      Options.max_subcompactions: 1
2020/04/07-09:29:52.345019 7f2bf48c2700                  Options.max_background_flushes: -1
2020/04/07-09:29:52.345020 7f2bf48c2700                         Options.WAL_ttl_seconds: 0
2020/04/07-09:29:52.345021 7f2bf48c2700                       Options.WAL_size_limit_MB: 0
2020/04/07-09:29:52.345022 7f2bf48c2700             Options.manifest_preallocation_size: 4194304
2020/04/07-09:29:52.345023 7f2bf48c2700                     Options.is_fd_close_on_exec: 1
2020/04/07-09:29:52.345024 7f2bf48c2700                   Options.advise_random_on_open: 1
2020/04/07-09:29:52.345025 7f2bf48c2700                    Options.db_write_buffer_size: 0
2020/04/07-09:29:52.345026 7f2bf48c2700                    Options.write_buffer_manager: 0x7f2be01b1860
2020/04/07-09:29:52.345027 7f2bf48c2700         Options.access_hint_on_compaction_start: 1
2020/04/07-09:29:52.345028 7f2bf48c2700  Options.new_table_reader_for_compaction_inputs: 0
2020/04/07-09:29:52.345028 7f2bf48c2700           Options.random_access_max_buffer_size: 1048576
2020/04/07-09:29:52.345029 7f2bf48c2700                      Options.use_adaptive_mutex: 0
2020/04/07-09:29:52.345030 7f2bf48c2700                            Options.rate_limiter: (nil)
2020/04/07-09:29:52.345032 7f2bf48c2700     Options.sst_file_manager.rate_bytes_per_sec: 0
2020/04/07-09:29:52.345032 7f2bf48c2700                       Options.wal_recovery_mode: 2
2020/04/07-09:29:52.345033 7f2bf48c2700                  Options.enable_thread_tracking: 0
2020/04/07-09:29:52.346358 7f2bf48c2700                  Options.enable_pipelined_write: 0
2020/04/07-09:29:52.346363 7f2bf48c2700         Options.allow_concurrent_memtable_write: 1
2020/04/07-09:29:52.346364 7f2bf48c2700      Options.enable_write_thread_adaptive_yield: 1
2020/04/07-09:29:52.346365 7f2bf48c2700             Options.write_thread_max_yield_usec: 100
2020/04/07-09:29:52.346366 7f2bf48c2700            Options.write_thread_slow_yield_usec: 3
2020/04/07-09:29:52.346367 7f2bf48c2700                               Options.row_cache: None
2020/04/07-09:29:52.346368 7f2bf48c2700                              Options.wal_filter: None
2020/04/07-09:29:52.346369 7f2bf48c2700             Options.avoid_flush_during_recovery: 0
2020/04/07-09:29:52.346370 7f2bf48c2700             Options.allow_ingest_behind: 0
2020/04/07-09:29:52.346371 7f2bf48c2700             Options.preserve_deletes: 0
2020/04/07-09:29:52.346372 7f2bf48c2700             Options.two_write_queues: 0
2020/04/07-09:29:52.346373 7f2bf48c2700             Options.manual_wal_flush: 0
2020/04/07-09:29:52.346374 7f2bf48c2700             Options.atomic_flush: 0
2020/04/07-09:29:52.346375 7f2bf48c2700             Options.avoid_unnecessary_blocking_io: 0
2020/04/07-09:29:52.346376 7f2bf48c2700             Options.max_background_jobs: 2
2020/04/07-09:29:52.346377 7f2bf48c2700             Options.max_background_compactions: -1
2020/04/07-09:29:52.346378 7f2bf48c2700             Options.avoid_flush_during_shutdown: 0
2020/04/07-09:29:52.346379 7f2bf48c2700           Options.writable_file_max_buffer_size: 1048576
2020/04/07-09:29:52.346380 7f2bf48c2700             Options.delayed_write_rate : 16777216
2020/04/07-09:29:52.346381 7f2bf48c2700             Options.max_total_wal_size: 0
2020/04/07-09:29:52.346382 7f2bf48c2700             Options.delete_obsolete_files_period_micros: 21600000000
2020/04/07-09:29:52.346383 7f2bf48c2700                   Options.stats_dump_period_sec: 600
2020/04/07-09:29:52.346384 7f2bf48c2700                 Options.stats_persist_period_sec: 600
2020/04/07-09:29:52.346400 7f2bf48c2700                 Options.stats_history_buffer_size: 1048576
2020/04/07-09:29:52.346401 7f2bf48c2700                          Options.max_open_files: -1
2020/04/07-09:29:52.346402 7f2bf48c2700                          Options.bytes_per_sync: 0
2020/04/07-09:29:52.346403 7f2bf48c2700                      Options.wal_bytes_per_sync: 0
2020/04/07-09:29:52.346404 7f2bf48c2700                   Options.strict_bytes_per_sync: 0
2020/04/07-09:29:52.346405 7f2bf48c2700       Options.compaction_readahead_size: 0
2020/04/07-09:29:52.346405 7f2bf48c2700 Compression algorithms supported:
2020/04/07-09:29:52.346407 7f2bf48c2700 	kZSTDNotFinalCompression supported: 1
2020/04/07-09:29:52.346408 7f2bf48c2700 	kZSTD supported: 1
2020/04/07-09:29:52.346409 7f2bf48c2700 	kXpressCompression supported: 0
2020/04/07-09:29:52.346410 7f2bf48c2700 	kLZ4HCCompression supported: 1
2020/04/07-09:29:52.346411 7f2bf48c2700 	kLZ4Compression supported: 1
2020/04/07-09:29:52.346412 7f2bf48c2700 	kBZip2Compression supported: 1
2020/04/07-09:29:52.346413 7f2bf48c2700 	kZlibCompression supported: 1
2020/04/07-09:29:52.346413 7f2bf48c2700 	kSnappyCompression supported: 1
2020/04/07-09:29:52.346416 7f2bf48c2700 Fast CRC32 supported: Not supported on x86
2020/04/07-09:29:52.349813 7f2bf48c2700 [/db_impl_open.cc:242] Creating manifest 1 
2020/04/07-09:29:52.380062 7f2bf48c2700 [/version_set.cc:4053] Recovering from manifest file: /storagemount/data/filipscrawl3/data_backlinks/auth_id/MANIFEST-000001
2020/04/07-09:29:52.382594 7f2bf48c2700 [/column_family.cc:482] --------------- Options for column family [default]:
2020/04/07-09:29:52.382602 7f2bf48c2700               Options.comparator: leveldb.BytewiseComparator
2020/04/07-09:29:52.382603 7f2bf48c2700           Options.merge_operator: None
2020/04/07-09:29:52.382604 7f2bf48c2700        Options.compaction_filter: None
2020/04/07-09:29:52.382605 7f2bf48c2700        Options.compaction_filter_factory: None
2020/04/07-09:29:52.382606 7f2bf48c2700         Options.memtable_factory: SkipListFactory
2020/04/07-09:29:52.383187 7f2bf48c2700            Options.table_factory: BlockBasedTable
2020/04/07-09:29:52.383216 7f2bf48c2700            table_factory options:   flush_block_policy_factory: FlushBlockBySizePolicyFactory (0x7f2be01b2730)
  cache_index_and_filter_blocks: 0
  cache_index_and_filter_blocks_with_high_priority: 0
  pin_l0_filter_and_index_blocks_in_cache: 0
  pin_top_level_index_and_filter: 1
  index_type: 0
  data_block_index_type: 0
  index_shortening: 1
  data_block_hash_table_util_ratio: 0.750000
  hash_index_allow_collision: 1
  checksum: 1
  no_block_cache: 0
  block_cache: 0x7f2be01ae360
  block_cache_name: LRUCache
  block_cache_options:
    capacity : 8388608
    num_shard_bits : 4
    strict_capacity_limit : 0
    memory_allocator : None
    high_pri_pool_ratio: 0.000
  block_cache_compressed: (nil)
  persistent_cache: (nil)
  block_size: 4096
  block_size_deviation: 10
  block_restart_interval: 16
  index_block_restart_interval: 1
  metadata_block_size: 4096
  partition_filters: 0
  use_delta_encoding: 1
  filter_policy: nullptr
  whole_key_filtering: 1
  verify_compression: 0
  read_amp_bytes_per_bit: 0
  format_version: 2
  enable_index_compression: 1
  block_align: 0
2020/04/07-09:29:52.383218 7f2bf48c2700        Options.write_buffer_size: 67108864
2020/04/07-09:29:52.383219 7f2bf48c2700  Options.max_write_buffer_number: 2
2020/04/07-09:29:52.383220 7f2bf48c2700          Options.compression: Snappy
2020/04/07-09:29:52.383221 7f2bf48c2700                  Options.bottommost_compression: Disabled
2020/04/07-09:29:52.383222 7f2bf48c2700       Options.prefix_extractor: nullptr
2020/04/07-09:29:52.383223 7f2bf48c2700   Options.memtable_insert_with_hint_prefix_extractor: nullptr
2020/04/07-09:29:52.383224 7f2bf48c2700             Options.num_levels: 7
2020/04/07-09:29:52.383224 7f2bf48c2700        Options.min_write_buffer_number_to_merge: 1
2020/04/07-09:29:52.383225 7f2bf48c2700     Options.max_write_buffer_number_to_maintain: 0
2020/04/07-09:29:52.383226 7f2bf48c2700            Options.bottommost_compression_opts.window_bits: -14
2020/04/07-09:29:52.383227 7f2bf48c2700                  Options.bottommost_compression_opts.level: 32767
2020/04/07-09:29:52.383228 7f2bf48c2700               Options.bottommost_compression_opts.strategy: 0
2020/04/07-09:29:52.383228 7f2bf48c2700         Options.bottommost_compression_opts.max_dict_bytes: 0
2020/04/07-09:29:52.383229 7f2bf48c2700         Options.bottommost_compression_opts.zstd_max_train_bytes: 0
2020/04/07-09:29:52.383230 7f2bf48c2700                  Options.bottommost_compression_opts.enabled: false
2020/04/07-09:29:52.383231 7f2bf48c2700            Options.compression_opts.window_bits: -14
2020/04/07-09:29:52.383232 7f2bf48c2700                  Options.compression_opts.level: 32767
2020/04/07-09:29:52.383232 7f2bf48c2700               Options.compression_opts.strategy: 0
2020/04/07-09:29:52.383233 7f2bf48c2700         Options.compression_opts.max_dict_bytes: 0
2020/04/07-09:29:52.383234 7f2bf48c2700         Options.compression_opts.zstd_max_train_bytes: 0
2020/04/07-09:29:52.383235 7f2bf48c2700                  Options.compression_opts.enabled: false
2020/04/07-09:29:52.383235 7f2bf48c2700      Options.level0_file_num_compaction_trigger: 4
2020/04/07-09:29:52.383236 7f2bf48c2700          Options.level0_slowdown_writes_trigger: 20
2020/04/07-09:29:52.383237 7f2bf48c2700              Options.level0_stop_writes_trigger: 36
2020/04/07-09:29:52.383238 7f2bf48c2700                   Options.target_file_size_base: 67108864
2020/04/07-09:29:52.383239 7f2bf48c2700             Options.target_file_size_multiplier: 1
2020/04/07-09:29:52.383239 7f2bf48c2700                Options.max_bytes_for_level_base: 268435456
2020/04/07-09:29:52.383240 7f2bf48c2700                      Options.snap_refresh_nanos: 500000000
2020/04/07-09:29:52.383241 7f2bf48c2700 Options.level_compaction_dynamic_level_bytes: 0
2020/04/07-09:29:52.383242 7f2bf48c2700          Options.max_bytes_for_level_multiplier: 10.000000
2020/04/07-09:29:52.383657 7f2bf48c2700 Options.max_bytes_for_level_multiplier_addtl[0]: 1
2020/04/07-09:29:52.383662 7f2bf48c2700 Options.max_bytes_for_level_multiplier_addtl[1]: 1
2020/04/07-09:29:52.383663 7f2bf48c2700 Options.max_bytes_for_level_multiplier_addtl[2]: 1
2020/04/07-09:29:52.383664 7f2bf48c2700 Options.max_bytes_for_level_multiplier_addtl[3]: 1
2020/04/07-09:29:52.383665 7f2bf48c2700 Options.max_bytes_for_level_multiplier_addtl[4]: 1
2020/04/07-09:29:52.383666 7f2bf48c2700 Options.max_bytes_for_level_multiplier_addtl[5]: 1
2020/04/07-09:29:52.383682 7f2bf48c2700 Options.max_bytes_for_level_multiplier_addtl[6]: 1
2020/04/07-09:29:52.383683 7f2bf48c2700       Options.max_sequential_skip_in_iterations: 8
2020/04/07-09:29:52.383684 7f2bf48c2700                    Options.max_compaction_bytes: 1677721600
2020/04/07-09:29:52.383685 7f2bf48c2700                        Options.arena_block_size: 8388608
2020/04/07-09:29:52.383686 7f2bf48c2700   Options.soft_pending_compaction_bytes_limit: 68719476736
2020/04/07-09:29:52.383687 7f2bf48c2700   Options.hard_pending_compaction_bytes_limit: 274877906944
2020/04/07-09:29:52.383688 7f2bf48c2700       Options.rate_limit_delay_max_milliseconds: 100
2020/04/07-09:29:52.383689 7f2bf48c2700                Options.disable_auto_compactions: 0
2020/04/07-09:29:52.383690 7f2bf48c2700                        Options.compaction_style: kCompactionStyleLevel
2020/04/07-09:29:52.383691 7f2bf48c2700                          Options.compaction_pri: kMinOverlappingRatio
2020/04/07-09:29:52.383692 7f2bf48c2700 Options.compaction_options_universal.size_ratio: 1
2020/04/07-09:29:52.383693 7f2bf48c2700 Options.compaction_options_universal.min_merge_width: 2
2020/04/07-09:29:52.383693 7f2bf48c2700 Options.compaction_options_universal.max_merge_width: 4294967295
2020/04/07-09:29:52.383694 7f2bf48c2700 Options.compaction_options_universal.max_size_amplification_percent: 200
2020/04/07-09:29:52.383695 7f2bf48c2700 Options.compaction_options_universal.compression_size_percent: -1
2020/04/07-09:29:52.383714 7f2bf48c2700 Options.compaction_options_universal.stop_style: kCompactionStopStyleTotalSize
2020/04/07-09:29:52.383715 7f2bf48c2700 Options.compaction_options_fifo.max_table_files_size: 1073741824
2020/04/07-09:29:52.383716 7f2bf48c2700 Options.compaction_options_fifo.allow_compaction: 0
2020/04/07-09:29:52.383717 7f2bf48c2700                   Options.table_properties_collectors: 
2020/04/07-09:29:52.383718 7f2bf48c2700                   Options.inplace_update_support: 0
2020/04/07-09:29:52.383719 7f2bf48c2700                 Options.inplace_update_num_locks: 10000
2020/04/07-09:29:52.383719 7f2bf48c2700               Options.memtable_prefix_bloom_size_ratio: 0.000000
2020/04/07-09:29:52.383721 7f2bf48c2700               Options.memtable_whole_key_filtering: 0
2020/04/07-09:29:52.383722 7f2bf48c2700   Options.memtable_huge_page_size: 0
2020/04/07-09:29:52.383723 7f2bf48c2700                           Options.bloom_locality: 0
2020/04/07-09:29:52.383723 7f2bf48c2700                    Options.max_successive_merges: 0
2020/04/07-09:29:52.383724 7f2bf48c2700                Options.optimize_filters_for_hits: 0
2020/04/07-09:29:52.383725 7f2bf48c2700                Options.paranoid_file_checks: 0
2020/04/07-09:29:52.383726 7f2bf48c2700                Options.force_consistency_checks: 0
2020/04/07-09:29:52.383727 7f2bf48c2700                Options.report_bg_io_stats: 0
2020/04/07-09:29:52.383727 7f2bf48c2700                               Options.ttl: 0
2020/04/07-09:29:52.383728 7f2bf48c2700          Options.periodic_compaction_seconds: 0
2020/04/07-09:29:52.384937 7f2bf48c2700 [/version_set.cc:4267] Recovered from manifest file:/storagemount/data/filipscrawl3/data_backlinks/auth_id/MANIFEST-000001 succeeded,manifest_file_number is 1, next_file_number is 3, last_sequence is 0, log_number is 0,prev_log_number is 0,max_column_family is 0,min_log_number_to_keep is 0
2020/04/07-09:29:52.384943 7f2bf48c2700 [/version_set.cc:4276] Column family [default] (ID 0), log number is 0
2020/04/07-09:29:52.430410 7f2bf48c2700 DB pointer 0x7f2be01ac9b0
2020/04/07-09:29:52.431257 7f2bb6538700 [/db_impl.cc:779] ------- DUMPING STATS -------
2020/04/07-09:29:52.431277 7f2bb6538700 [/db_impl.cc:780] 
** DB Stats **
Uptime(secs): 0.0 total, 0.0 interval
Cumulative writes: 0 writes, 0 keys, 0 commit groups, 0.0 writes per commit group, ingest: 0.00 GB, 0.00 MB/s
Cumulative WAL: 0 writes, 0 syncs, 0.00 writes per sync, written: 0.00 GB, 0.00 MB/s
Cumulative stall: 00:00:0.000 H:M:S, 0.0 percent
Interval writes: 0 writes, 0 keys, 0 commit groups, 0.0 writes per commit group, ingest: 0.00 MB, 0.00 MB/s
Interval WAL: 0 writes, 0 syncs, 0.00 writes per sync, written: 0.00 MB, 0.00 MB/s
Interval stall: 00:00:0.000 H:M:S, 0.0 percent

** Compaction Stats [default] **
Level    Files   Size     Score Read(GB)  Rn(GB) Rnp1(GB) Write(GB) Wnew(GB) Moved(GB) W-Amp Rd(MB/s) Wr(MB/s) Comp(sec) CompMergeCPU(sec) Comp(cnt) Avg(sec) KeyIn KeyDrop
----------------------------------------------------------------------------------------------------------------------------------------------------------------------------
 Sum      0/0    0.00 KB   0.0      0.0     0.0      0.0       0.0      0.0       0.0   0.0      0.0      0.0      0.00              0.00         0    0.000       0      0
 Int      0/0    0.00 KB   0.0      0.0     0.0      0.0       0.0      0.0       0.0   0.0      0.0      0.0      0.00              0.00         0    0.000       0      0

** Compaction Stats [default] **
Priority    Files   Size     Score Read(GB)  Rn(GB) Rnp1(GB) Write(GB) Wnew(GB) Moved(GB) W-Amp Rd(MB/s) Wr(MB/s) Comp(sec) CompMergeCPU(sec) Comp(cnt) Avg(sec) KeyIn KeyDrop
-------------------------------------------------------------------------------------------------------------------------------------------------------------------------------
Uptime(secs): 0.0 total, 0.0 interval
Flush(GB): cumulative 0.000, interval 0.000
AddFile(GB): cumulative 0.000, interval 0.000
AddFile(Total Files): cumulative 0, interval 0
AddFile(L0 Files): cumulative 0, interval 0
AddFile(Keys): cumulative 0, interval 0
Cumulative compaction: 0.00 GB write, 0.00 MB/s write, 0.00 GB read, 0.00 MB/s read, 0.0 seconds
Interval compaction: 0.00 GB write, 0.00 MB/s write, 0.00 GB read, 0.00 MB/s read, 0.0 seconds
Stalls(count): 0 level0_slowdown, 0 level0_slowdown_with_compaction, 0 level0_numfiles, 0 level0_numfiles_with_compaction, 0 stop for pending_compaction_bytes, 0 slowdown for pending_compaction_bytes, 0 memtable_compaction, 0 memtable_slowdown, interval 0 total count

** File Read Latency Histogram By Level [default] **

** Compaction Stats [default] **
Level    Files   Size     Score Read(GB)  Rn(GB) Rnp1(GB) Write(GB) Wnew(GB) Moved(GB) W-Amp Rd(MB/s) Wr(MB/s) Comp(sec) CompMergeCPU(sec) Comp(cnt) Avg(sec) KeyIn KeyDrop
----------------------------------------------------------------------------------------------------------------------------------------------------------------------------
 Sum      0/0    0.00 KB   0.0      0.0     0.0      0.0       0.0      0.0       0.0   0.0      0.0      0.0      0.00              0.00         0    0.000       0      0
 Int      0/0    0.00 KB   0.0      0.0     0.0      0.0       0.0      0.0       0.0   0.0      0.0      0.0      0.00              0.00         0    0.000       0      0

** Compaction Stats [default] **
Priority    Files   Size     Score Read(GB)  Rn(GB) Rnp1(GB) Write(GB) Wnew(GB) Moved(GB) W-Amp Rd(MB/s) Wr(MB/s) Comp(sec) CompMergeCPU(sec) Comp(cnt) Avg(sec) KeyIn KeyDrop
-------------------------------------------------------------------------------------------------------------------------------------------------------------------------------
Uptime(secs): 0.0 total, 0.0 interval
Flush(GB): cumulative 0.000, interval 0.000
AddFile(GB): cumulative 0.000, interval 0.000
AddFile(Total Files): cumulative 0, interval 0
AddFile(L0 Files): cumulative 0, interval 0
AddFile(Keys): cumulative 0, interval 0
Cumulative compaction: 0.00 GB write, 0.00 MB/s write, 0.00 GB read, 0.00 MB/s read, 0.0 seconds
Interval compaction: 0.00 GB write, 0.00 MB/s write, 0.00 GB read, 0.00 MB/s read, 0.0 seconds
Stalls(count): 0 level0_slowdown, 0 level0_slowdown_with_compaction, 0 level0_numfiles, 0 level0_numfiles_with_compaction, 0 stop for pending_compaction_bytes, 0 slowdown for pending_compaction_bytes, 0 memtable_compaction, 0 memtable_slowdown, interval 0 total count

** File Read Latency Histogram By Level [default] **
2020/04/07-09:30:01.432348 7f2bf41bb700 [/db_impl.cc:392] Shutdown: canceling all background work
2020/04/07-09:30:01.439579 7f2bf41bb700 [/db_impl.cc:565] Shutdown complete
