2020/04/07-09:29:52.447398 7f2bf48c2700 RocksDB version: 6.2.2
2020/04/07-09:29:52.447996 7f2bf48c2700 Git sha rocksdb_build_git_sha:
2020/04/07-09:29:52.448008 7f2bf48c2700 Compile date Aug  3 2019
2020/04/07-09:29:52.448012 7f2bf48c2700 DB SUMMARY
2020/04/07-09:29:52.449335 7f2bf48c2700 SST files in /storagemount/data/filipscrawl3/data_backlinks/auth_graph dir, Total Num: 0, files: 
2020/04/07-09:29:52.449351 7f2bf48c2700 Write Ahead Log file in /storagemount/data/filipscrawl3/data_backlinks/auth_graph: 
2020/04/07-09:29:52.449355 7f2bf48c2700                         Options.error_if_exists: 0
2020/04/07-09:29:52.449358 7f2bf48c2700                       Options.create_if_missing: 1
2020/04/07-09:29:52.449360 7f2bf48c2700                         Options.paranoid_checks: 1
2020/04/07-09:29:52.449363 7f2bf48c2700                                     Options.env: 0x7f2bc3dfb3e0
2020/04/07-09:29:52.449365 7f2bf48c2700                                Options.info_log: 0x7f2be01a3320
2020/04/07-09:29:52.449367 7f2bf48c2700                Options.max_file_opening_threads: 16
2020/04/07-09:29:52.449368 7f2bf48c2700                              Options.statistics: (nil)
2020/04/07-09:29:52.449371 7f2bf48c2700                               Options.use_fsync: 0
2020/04/07-09:29:52.449373 7f2bf48c2700                       Options.max_log_file_size: 0
2020/04/07-09:29:52.449376 7f2bf48c2700                  Options.max_manifest_file_size: 1073741824
2020/04/07-09:29:52.449378 7f2bf48c2700                   Options.log_file_time_to_roll: 0
2020/04/07-09:29:52.449379 7f2bf48c2700                       Options.keep_log_file_num: 1000
2020/04/07-09:29:52.449381 7f2bf48c2700                    Options.recycle_log_file_num: 0
2020/04/07-09:29:52.449382 7f2bf48c2700                         Options.allow_fallocate: 1
2020/04/07-09:29:52.449385 7f2bf48c2700                        Options.allow_mmap_reads: 0
2020/04/07-09:29:52.449387 7f2bf48c2700                       Options.allow_mmap_writes: 0
2020/04/07-09:29:52.449389 7f2bf48c2700                        Options.use_direct_reads: 0
2020/04/07-09:29:52.449392 7f2bf48c2700                        Options.use_direct_io_for_flush_and_compaction: 0
2020/04/07-09:29:52.449394 7f2bf48c2700          Options.create_missing_column_families: 0
2020/04/07-09:29:52.449396 7f2bf48c2700                              Options.db_log_dir: 
2020/04/07-09:29:52.449399 7f2bf48c2700                                 Options.wal_dir: /storagemount/data/filipscrawl3/data_backlinks/auth_graph
2020/04/07-09:29:52.449416 7f2bf48c2700                Options.table_cache_numshardbits: 6
2020/04/07-09:29:52.449417 7f2bf48c2700                      Options.max_subcompactions: 1
2020/04/07-09:29:52.449418 7f2bf48c2700                  Options.max_background_flushes: -1
2020/04/07-09:29:52.449420 7f2bf48c2700                         Options.WAL_ttl_seconds: 0
2020/04/07-09:29:52.449421 7f2bf48c2700                       Options.WAL_size_limit_MB: 0
2020/04/07-09:29:52.449423 7f2bf48c2700             Options.manifest_preallocation_size: 4194304
2020/04/07-09:29:52.449425 7f2bf48c2700                     Options.is_fd_close_on_exec: 1
2020/04/07-09:29:52.449426 7f2bf48c2700                   Options.advise_random_on_open: 1
2020/04/07-09:29:52.449427 7f2bf48c2700                    Options.db_write_buffer_size: 0
2020/04/07-09:29:52.449429 7f2bf48c2700                    Options.write_buffer_manager: 0x7f2be001cf60
2020/04/07-09:29:52.449431 7f2bf48c2700         Options.access_hint_on_compaction_start: 1
2020/04/07-09:29:52.449451 7f2bf48c2700  Options.new_table_reader_for_compaction_inputs: 0
2020/04/07-09:29:52.449453 7f2bf48c2700           Options.random_access_max_buffer_size: 1048576
2020/04/07-09:29:52.449456 7f2bf48c2700                      Options.use_adaptive_mutex: 0
2020/04/07-09:29:52.449457 7f2bf48c2700                            Options.rate_limiter: (nil)
2020/04/07-09:29:52.449460 7f2bf48c2700     Options.sst_file_manager.rate_bytes_per_sec: 0
2020/04/07-09:29:52.449461 7f2bf48c2700                       Options.wal_recovery_mode: 2
2020/04/07-09:29:52.449462 7f2bf48c2700                  Options.enable_thread_tracking: 0
2020/04/07-09:29:52.450942 7f2bf48c2700                  Options.enable_pipelined_write: 0
2020/04/07-09:29:52.450961 7f2bf48c2700         Options.allow_concurrent_memtable_write: 1
2020/04/07-09:29:52.450962 7f2bf48c2700      Options.enable_write_thread_adaptive_yield: 1
2020/04/07-09:29:52.450963 7f2bf48c2700             Options.write_thread_max_yield_usec: 100
2020/04/07-09:29:52.450964 7f2bf48c2700            Options.write_thread_slow_yield_usec: 3
2020/04/07-09:29:52.450965 7f2bf48c2700                               Options.row_cache: None
2020/04/07-09:29:52.450966 7f2bf48c2700                              Options.wal_filter: None
2020/04/07-09:29:52.450967 7f2bf48c2700             Options.avoid_flush_during_recovery: 0
2020/04/07-09:29:52.450968 7f2bf48c2700             Options.allow_ingest_behind: 0
2020/04/07-09:29:52.450969 7f2bf48c2700             Options.preserve_deletes: 0
2020/04/07-09:29:52.450969 7f2bf48c2700             Options.two_write_queues: 0
2020/04/07-09:29:52.450970 7f2bf48c2700             Options.manual_wal_flush: 0
2020/04/07-09:29:52.450971 7f2bf48c2700             Options.atomic_flush: 0
2020/04/07-09:29:52.450972 7f2bf48c2700             Options.avoid_unnecessary_blocking_io: 0
2020/04/07-09:29:52.450974 7f2bf48c2700             Options.max_background_jobs: 2
2020/04/07-09:29:52.450975 7f2bf48c2700             Options.max_background_compactions: -1
2020/04/07-09:29:52.450975 7f2bf48c2700             Options.avoid_flush_during_shutdown: 0
2020/04/07-09:29:52.450976 7f2bf48c2700           Options.writable_file_max_buffer_size: 1048576
2020/04/07-09:29:52.450977 7f2bf48c2700             Options.delayed_write_rate : 16777216
2020/04/07-09:29:52.450978 7f2bf48c2700             Options.max_total_wal_size: 0
2020/04/07-09:29:52.450979 7f2bf48c2700             Options.delete_obsolete_files_period_micros: 21600000000
2020/04/07-09:29:52.450980 7f2bf48c2700                   Options.stats_dump_period_sec: 600
2020/04/07-09:29:52.450981 7f2bf48c2700                 Options.stats_persist_period_sec: 600
2020/04/07-09:29:52.450981 7f2bf48c2700                 Options.stats_history_buffer_size: 1048576
2020/04/07-09:29:52.450982 7f2bf48c2700                          Options.max_open_files: -1
2020/04/07-09:29:52.450983 7f2bf48c2700                          Options.bytes_per_sync: 0
2020/04/07-09:29:52.450984 7f2bf48c2700                      Options.wal_bytes_per_sync: 0
2020/04/07-09:29:52.450985 7f2bf48c2700                   Options.strict_bytes_per_sync: 0
2020/04/07-09:29:52.450986 7f2bf48c2700       Options.compaction_readahead_size: 0
2020/04/07-09:29:52.450986 7f2bf48c2700 Compression algorithms supported:
2020/04/07-09:29:52.450988 7f2bf48c2700 	kZSTDNotFinalCompression supported: 1
2020/04/07-09:29:52.450990 7f2bf48c2700 	kZSTD supported: 1
2020/04/07-09:29:52.450991 7f2bf48c2700 	kXpressCompression supported: 0
2020/04/07-09:29:52.450992 7f2bf48c2700 	kLZ4HCCompression supported: 1
2020/04/07-09:29:52.450994 7f2bf48c2700 	kLZ4Compression supported: 1
2020/04/07-09:29:52.450994 7f2bf48c2700 	kBZip2Compression supported: 1
2020/04/07-09:29:52.450995 7f2bf48c2700 	kZlibCompression supported: 1
2020/04/07-09:29:52.450996 7f2bf48c2700 	kSnappyCompression supported: 1
2020/04/07-09:29:52.451007 7f2bf48c2700 Fast CRC32 supported: Not supported on x86
2020/04/07-09:29:52.456073 7f2bf48c2700 [/db_impl_open.cc:242] Creating manifest 1 
2020/04/07-09:29:52.488094 7f2bf48c2700 [/version_set.cc:4053] Recovering from manifest file: /storagemount/data/filipscrawl3/data_backlinks/auth_graph/MANIFEST-000001
2020/04/07-09:29:52.489921 7f2bf48c2700 [/column_family.cc:482] --------------- Options for column family [default]:
2020/04/07-09:29:52.489933 7f2bf48c2700               Options.comparator: leveldb.BytewiseComparator
2020/04/07-09:29:52.489936 7f2bf48c2700           Options.merge_operator: None
2020/04/07-09:29:52.489939 7f2bf48c2700        Options.compaction_filter: None
2020/04/07-09:29:52.489940 7f2bf48c2700        Options.compaction_filter_factory: None
2020/04/07-09:29:52.490676 7f2bf48c2700         Options.memtable_factory: SkipListFactory
2020/04/07-09:29:52.490685 7f2bf48c2700            Options.table_factory: BlockBasedTable
2020/04/07-09:29:52.490725 7f2bf48c2700            table_factory options:   flush_block_policy_factory: FlushBlockBySizePolicyFactory (0x7f2be001eff0)
  cache_index_and_filter_blocks: 0
  cache_index_and_filter_blocks_with_high_priority: 0
  pin_l0_filter_and_index_blocks_in_cache: 0
  pin_top_level_index_and_filter: 1
  index_type: 0
  data_block_index_type: 0
  index_shortening: 1
  data_block_hash_table_util_ratio: 0.750000
  hash_index_allow_collision: 1
  checksum: 1
  no_block_cache: 0
  block_cache: 0x7f2be01a99b0
  block_cache_name: LRUCache
  block_cache_options:
    capacity : 8388608
    num_shard_bits : 4
    strict_capacity_limit : 0
    memory_allocator : None
    high_pri_pool_ratio: 0.000
  block_cache_compressed: (nil)
  persistent_cache: (nil)
  block_size: 4096
  block_size_deviation: 10
  block_restart_interval: 16
  index_block_restart_interval: 1
  metadata_block_size: 4096
  partition_filters: 0
  use_delta_encoding: 1
  filter_policy: nullptr
  whole_key_filtering: 1
  verify_compression: 0
  read_amp_bytes_per_bit: 0
  format_version: 2
  enable_index_compression: 1
  block_align: 0
2020/04/07-09:29:52.490729 7f2bf48c2700        Options.write_buffer_size: 67108864
2020/04/07-09:29:52.490730 7f2bf48c2700  Options.max_write_buffer_number: 2
2020/04/07-09:29:52.490733 7f2bf48c2700          Options.compression: Snappy
2020/04/07-09:29:52.490734 7f2bf48c2700                  Options.bottommost_compression: Disabled
2020/04/07-09:29:52.490736 7f2bf48c2700       Options.prefix_extractor: nullptr
2020/04/07-09:29:52.490737 7f2bf48c2700   Options.memtable_insert_with_hint_prefix_extractor: nullptr
2020/04/07-09:29:52.490738 7f2bf48c2700             Options.num_levels: 7
2020/04/07-09:29:52.490740 7f2bf48c2700        Options.min_write_buffer_number_to_merge: 1
2020/04/07-09:29:52.490741 7f2bf48c2700     Options.max_write_buffer_number_to_maintain: 0
2020/04/07-09:29:52.490742 7f2bf48c2700            Options.bottommost_compression_opts.window_bits: -14
2020/04/07-09:29:52.490744 7f2bf48c2700                  Options.bottommost_compression_opts.level: 32767
2020/04/07-09:29:52.490745 7f2bf48c2700               Options.bottommost_compression_opts.strategy: 0
2020/04/07-09:29:52.490746 7f2bf48c2700         Options.bottommost_compression_opts.max_dict_bytes: 0
2020/04/07-09:29:52.490748 7f2bf48c2700         Options.bottommost_compression_opts.zstd_max_train_bytes: 0
2020/04/07-09:29:52.490749 7f2bf48c2700                  Options.bottommost_compression_opts.enabled: false
2020/04/07-09:29:52.490751 7f2bf48c2700            Options.compression_opts.window_bits: -14
2020/04/07-09:29:52.490752 7f2bf48c2700                  Options.compression_opts.level: 32767
2020/04/07-09:29:52.490753 7f2bf48c2700               Options.compression_opts.strategy: 0
2020/04/07-09:29:52.490755 7f2bf48c2700         Options.compression_opts.max_dict_bytes: 0
2020/04/07-09:29:52.490756 7f2bf48c2700         Options.compression_opts.zstd_max_train_bytes: 0
2020/04/07-09:29:52.490758 7f2bf48c2700                  Options.compression_opts.enabled: false
2020/04/07-09:29:52.490759 7f2bf48c2700      Options.level0_file_num_compaction_trigger: 4
2020/04/07-09:29:52.490760 7f2bf48c2700          Options.level0_slowdown_writes_trigger: 20
2020/04/07-09:29:52.490762 7f2bf48c2700              Options.level0_stop_writes_trigger: 36
2020/04/07-09:29:52.490763 7f2bf48c2700                   Options.target_file_size_base: 67108864
2020/04/07-09:29:52.490765 7f2bf48c2700             Options.target_file_size_multiplier: 1
2020/04/07-09:29:52.490766 7f2bf48c2700                Options.max_bytes_for_level_base: 268435456
2020/04/07-09:29:52.490766 7f2bf48c2700                      Options.snap_refresh_nanos: 500000000
2020/04/07-09:29:52.490767 7f2bf48c2700 Options.level_compaction_dynamic_level_bytes: 0
2020/04/07-09:29:52.490768 7f2bf48c2700          Options.max_bytes_for_level_multiplier: 10.000000
2020/04/07-09:29:52.491710 7f2bf48c2700 Options.max_bytes_for_level_multiplier_addtl[0]: 1
2020/04/07-09:29:52.491716 7f2bf48c2700 Options.max_bytes_for_level_multiplier_addtl[1]: 1
2020/04/07-09:29:52.491718 7f2bf48c2700 Options.max_bytes_for_level_multiplier_addtl[2]: 1
2020/04/07-09:29:52.491719 7f2bf48c2700 Options.max_bytes_for_level_multiplier_addtl[3]: 1
2020/04/07-09:29:52.491720 7f2bf48c2700 Options.max_bytes_for_level_multiplier_addtl[4]: 1
2020/04/07-09:29:52.491721 7f2bf48c2700 Options.max_bytes_for_level_multiplier_addtl[5]: 1
2020/04/07-09:29:52.491722 7f2bf48c2700 Options.max_bytes_for_level_multiplier_addtl[6]: 1
2020/04/07-09:29:52.491724 7f2bf48c2700       Options.max_sequential_skip_in_iterations: 8
2020/04/07-09:29:52.491725 7f2bf48c2700                    Options.max_compaction_bytes: 1677721600
2020/04/07-09:29:52.491726 7f2bf48c2700                        Options.arena_block_size: 8388608
2020/04/07-09:29:52.491727 7f2bf48c2700   Options.soft_pending_compaction_bytes_limit: 68719476736
2020/04/07-09:29:52.491728 7f2bf48c2700   Options.hard_pending_compaction_bytes_limit: 274877906944
2020/04/07-09:29:52.491729 7f2bf48c2700       Options.rate_limit_delay_max_milliseconds: 100
2020/04/07-09:29:52.491730 7f2bf48c2700                Options.disable_auto_compactions: 0
2020/04/07-09:29:52.491732 7f2bf48c2700                        Options.compaction_style: kCompactionStyleLevel
2020/04/07-09:29:52.491733 7f2bf48c2700                          Options.compaction_pri: kMinOverlappingRatio
2020/04/07-09:29:52.491734 7f2bf48c2700 Options.compaction_options_universal.size_ratio: 1
2020/04/07-09:29:52.491735 7f2bf48c2700 Options.compaction_options_universal.min_merge_width: 2
2020/04/07-09:29:52.491736 7f2bf48c2700 Options.compaction_options_universal.max_merge_width: 4294967295
2020/04/07-09:29:52.491737 7f2bf48c2700 Options.compaction_options_universal.max_size_amplification_percent: 200
2020/04/07-09:29:52.491738 7f2bf48c2700 Options.compaction_options_universal.compression_size_percent: -1
2020/04/07-09:29:52.491740 7f2bf48c2700 Options.compaction_options_universal.stop_style: kCompactionStopStyleTotalSize
2020/04/07-09:29:52.491741 7f2bf48c2700 Options.compaction_options_fifo.max_table_files_size: 1073741824
2020/04/07-09:29:52.491742 7f2bf48c2700 Options.compaction_options_fifo.allow_compaction: 0
2020/04/07-09:29:52.491743 7f2bf48c2700                   Options.table_properties_collectors: 
2020/04/07-09:29:52.491744 7f2bf48c2700                   Options.inplace_update_support: 0
2020/04/07-09:29:52.491745 7f2bf48c2700                 Options.inplace_update_num_locks: 10000
2020/04/07-09:29:52.491746 7f2bf48c2700               Options.memtable_prefix_bloom_size_ratio: 0.000000
2020/04/07-09:29:52.491748 7f2bf48c2700               Options.memtable_whole_key_filtering: 0
2020/04/07-09:29:52.491749 7f2bf48c2700   Options.memtable_huge_page_size: 0
2020/04/07-09:29:52.491750 7f2bf48c2700                           Options.bloom_locality: 0
2020/04/07-09:29:52.491751 7f2bf48c2700                    Options.max_successive_merges: 0
2020/04/07-09:29:52.491752 7f2bf48c2700                Options.optimize_filters_for_hits: 0
2020/04/07-09:29:52.491753 7f2bf48c2700                Options.paranoid_file_checks: 0
2020/04/07-09:29:52.491754 7f2bf48c2700                Options.force_consistency_checks: 0
2020/04/07-09:29:52.491755 7f2bf48c2700                Options.report_bg_io_stats: 0
2020/04/07-09:29:52.491755 7f2bf48c2700                               Options.ttl: 0
2020/04/07-09:29:52.491756 7f2bf48c2700          Options.periodic_compaction_seconds: 0
2020/04/07-09:29:52.493109 7f2bf48c2700 [/version_set.cc:4267] Recovered from manifest file:/storagemount/data/filipscrawl3/data_backlinks/auth_graph/MANIFEST-000001 succeeded,manifest_file_number is 1, next_file_number is 3, last_sequence is 0, log_number is 0,prev_log_number is 0,max_column_family is 0,min_log_number_to_keep is 0
2020/04/07-09:29:52.493131 7f2bf48c2700 [/version_set.cc:4276] Column family [default] (ID 0), log number is 0
2020/04/07-09:29:52.552941 7f2bf48c2700 DB pointer 0x7f2be001a5b0
2020/04/07-09:29:52.553932 7f2bb4d35700 [/db_impl.cc:779] ------- DUMPING STATS -------
2020/04/07-09:29:52.554002 7f2bb4d35700 [/db_impl.cc:780] 
** DB Stats **
Uptime(secs): 0.1 total, 0.1 interval
Cumulative writes: 0 writes, 0 keys, 0 commit groups, 0.0 writes per commit group, ingest: 0.00 GB, 0.00 MB/s
Cumulative WAL: 0 writes, 0 syncs, 0.00 writes per sync, written: 0.00 GB, 0.00 MB/s
Cumulative stall: 00:00:0.000 H:M:S, 0.0 percent
Interval writes: 0 writes, 0 keys, 0 commit groups, 0.0 writes per commit group, ingest: 0.00 MB, 0.00 MB/s
Interval WAL: 0 writes, 0 syncs, 0.00 writes per sync, written: 0.00 MB, 0.00 MB/s
Interval stall: 00:00:0.000 H:M:S, 0.0 percent

** Compaction Stats [default] **
Level    Files   Size     Score Read(GB)  Rn(GB) Rnp1(GB) Write(GB) Wnew(GB) Moved(GB) W-Amp Rd(MB/s) Wr(MB/s) Comp(sec) CompMergeCPU(sec) Comp(cnt) Avg(sec) KeyIn KeyDrop
----------------------------------------------------------------------------------------------------------------------------------------------------------------------------
 Sum      0/0    0.00 KB   0.0      0.0     0.0      0.0       0.0      0.0       0.0   0.0      0.0      0.0      0.00              0.00         0    0.000       0      0
 Int      0/0    0.00 KB   0.0      0.0     0.0      0.0       0.0      0.0       0.0   0.0      0.0      0.0      0.00              0.00         0    0.000       0      0

** Compaction Stats [default] **
Priority    Files   Size     Score Read(GB)  Rn(GB) Rnp1(GB) Write(GB) Wnew(GB) Moved(GB) W-Amp Rd(MB/s) Wr(MB/s) Comp(sec) CompMergeCPU(sec) Comp(cnt) Avg(sec) KeyIn KeyDrop
-------------------------------------------------------------------------------------------------------------------------------------------------------------------------------
Uptime(secs): 0.1 total, 0.1 interval
Flush(GB): cumulative 0.000, interval 0.000
AddFile(GB): cumulative 0.000, interval 0.000
AddFile(Total Files): cumulative 0, interval 0
AddFile(L0 Files): cumulative 0, interval 0
AddFile(Keys): cumulative 0, interval 0
Cumulative compaction: 0.00 GB write, 0.00 MB/s write, 0.00 GB read, 0.00 MB/s read, 0.0 seconds
Interval compaction: 0.00 GB write, 0.00 MB/s write, 0.00 GB read, 0.00 MB/s read, 0.0 seconds
Stalls(count): 0 level0_slowdown, 0 level0_slowdown_with_compaction, 0 level0_numfiles, 0 level0_numfiles_with_compaction, 0 stop for pending_compaction_bytes, 0 slowdown for pending_compaction_bytes, 0 memtable_compaction, 0 memtable_slowdown, interval 0 total count

** File Read Latency Histogram By Level [default] **

** Compaction Stats [default] **
Level    Files   Size     Score Read(GB)  Rn(GB) Rnp1(GB) Write(GB) Wnew(GB) Moved(GB) W-Amp Rd(MB/s) Wr(MB/s) Comp(sec) CompMergeCPU(sec) Comp(cnt) Avg(sec) KeyIn KeyDrop
----------------------------------------------------------------------------------------------------------------------------------------------------------------------------
 Sum      0/0    0.00 KB   0.0      0.0     0.0      0.0       0.0      0.0       0.0   0.0      0.0      0.0      0.00              0.00         0    0.000       0      0
 Int      0/0    0.00 KB   0.0      0.0     0.0      0.0       0.0      0.0       0.0   0.0      0.0      0.0      0.00              0.00         0    0.000       0      0

** Compaction Stats [default] **
Priority    Files   Size     Score Read(GB)  Rn(GB) Rnp1(GB) Write(GB) Wnew(GB) Moved(GB) W-Amp Rd(MB/s) Wr(MB/s) Comp(sec) CompMergeCPU(sec) Comp(cnt) Avg(sec) KeyIn KeyDrop
-------------------------------------------------------------------------------------------------------------------------------------------------------------------------------
Uptime(secs): 0.1 total, 0.0 interval
Flush(GB): cumulative 0.000, interval 0.000
AddFile(GB): cumulative 0.000, interval 0.000
AddFile(Total Files): cumulative 0, interval 0
AddFile(L0 Files): cumulative 0, interval 0
AddFile(Keys): cumulative 0, interval 0
Cumulative compaction: 0.00 GB write, 0.00 MB/s write, 0.00 GB read, 0.00 MB/s read, 0.0 seconds
Interval compaction: 0.00 GB write, 0.00 MB/s write, 0.00 GB read, 0.00 MB/s read, 0.0 seconds
Stalls(count): 0 level0_slowdown, 0 level0_slowdown_with_compaction, 0 level0_numfiles, 0 level0_numfiles_with_compaction, 0 stop for pending_compaction_bytes, 0 slowdown for pending_compaction_bytes, 0 memtable_compaction, 0 memtable_slowdown, interval 0 total count

** File Read Latency Histogram By Level [default] **
2020/04/07-09:30:01.418093 7f2bf41bb700 [/db_impl.cc:392] Shutdown: canceling all background work
2020/04/07-09:30:01.431407 7f2bf41bb700 [/db_impl.cc:565] Shutdown complete
